5702:(1,1,1.00) 
7104:(1,1,1.00) 
8703:(1,1,1.00) 
9705:(1,1,1.00) 
9907:(1,1,1.00) 
10105:(1,1,1.00) 
11308:(1,1,1.00) 
11404:(1,1,1.00) (2,1,1.00) 
11503:(1,1,1.00) 
12806:(1,1,1.00) (2,2,1.41) 
12809:(1,1,1.00) 
12904:(1,1,1.00) 
13104:(1,1,1.00) 
13706:(1,1,1.00) 
14208:(2,1,1.00) 
14405:(2,2,1.41) 
14707:(1,1,1.00) 
15407:(2,2,1.41) 
15609:(2,2,1.41) 
15610:(1,1,1.00) 
15807:(2,4,2.00) 
16003:(1,1,1.00) 
16306:(1,1,1.00) 
16809:(2,2,1.41) 
17010:(2,2,1.41) 
17011:(2,2,1.41) 
17106:(2,2,1.41) (3,1,1.00) 
17205:(2,2,1.41) 
17209:(2,2,1.41) 
17406:(2,1,1.00) 
18408:(2,2,1.41) 
18412:(2,2,1.41) 
18508:(2,4,2.00) (3,3,1.44) 
18511:(2,2,1.41) 
18606:(2,2,1.41) 
18607:(2,2,1.41) 
18608:(1,1,1.00) 
18610:(2,2,1.41) 
18806:(2,2,1.41) 
18808:(2,2,1.41) 
19408:(2,2,1.41) 
19410:(2,1,1.00) 
19612:(2,2,1.41) 
19810:(2,2,1.41) 
19814:(2,1,1.00) 
19910:(2,2,1.41) (3,3,1.44) 
19913:(2,2,1.41) 
20008:(2,2,1.41) 
20011:(2,2,1.41) 
20012:(2,2,1.41) 
20107:(2,2,1.41) (3,3,1.44) 
20206:(2,2,1.41) 
20208:(2,2,1.41) 
20210:(2,1,1.00) 
20409:(2,2,1.41) 
20810:(2,2,1.41) 
21013:(2,2,1.41) 
21109:(2,2,1.41) (3,3,1.44) 
21208:(2,2,1.41) 
21215:(2,2,1.41) 
21311:(2,2,1.41) (3,3,1.44) 
21312:(2,2,1.41) (3,1,1.00) 
21410:(2,2,1.41) 
21413:(2,2,1.41) 
21509:(2,4,2.00) (3,9,2.08) 
21512:(2,2,1.41) 
21607:(2,2,1.41) 
21608:(2,2,1.41) 
21705:(2,2,1.41) 
21807:(2,2,1.41) 
21811:(2,2,1.41) 
22008:(2,2,1.41) 
22409:(2,2,1.41) 
22511:(2,2,1.41) (3,6,1.82) 
22514:(2,2,1.41) 
22609:(2,2,1.41) 
22616:(2,1,1.00) 
22712:(2,2,1.41) (3,3,1.44) 
22713:(2,2,1.41) (3,6,1.82) 
22714:(2,2,1.41) 
22716:(2,2,1.41) 
22808:(2,1,1.00) (3,3,1.44) (4,1,1.00) 
22809:(2,2,1.41) 
22811:(2,4,2.00) 
22907:(2,2,1.41) (3,3,1.44) 
22911:(2,2,1.41) (3,9,2.08) 
22914:(2,2,1.41) 
23006:(2,1,1.00) 
23009:(2,2,1.41) 
23011:(2,2,1.41) 
23107:(2,2,1.41) 
23108:(3,3,1.44) 
23209:(2,2,1.41) 
23410:(2,4,2.00) 
23411:(2,2,1.41) 
23613:(2,2,1.41) 
23811:(2,2,1.41) 
23913:(3,3,1.44) 
24110:(3,6,1.82) 
24114:(2,2,1.41) (3,6,1.82) 
24115:(3,3,1.44) 
24117:(2,2,1.41) 
24210:(2,2,1.41) (3,9,2.08) (4,4,1.41) 
24212:(2,2,1.41) 
24213:(2,2,1.41) (3,3,1.44) 
24308:(2,2,1.41) (3,3,1.44) 
24309:(2,2,1.41) (3,6,1.82) 
24310:(2,2,1.41) 
24312:(2,2,1.41) (3,6,1.82) 
24313:(2,2,1.41) (3,3,1.44) 
24407:(2,2,1.41) 
24412:(2,4,2.00) 
24508:(2,2,1.41) (3,3,1.44) 
24510:(3,9,2.08) 
24607:(2,2,1.41) 
24614:(2,2,1.41) 
24706:(2,2,1.41) 
24812:(2,2,1.41) 
25009:(2,2,1.41) 
25014:(2,2,1.41) 
25110:(2,2,1.41) (3,3,1.44) 
25112:(3,3,1.44) 
25209:(2,2,1.41) 
25314:(3,6,1.82) 
25315:(2,2,1.41) 
25512:(3,12,2.29) 
25516:(3,6,1.82) 
25517:(2,2,1.41) 
25612:(2,1,1.00) (3,9,2.08) (4,6,1.57) 
25615:(2,2,1.41) (3,6,1.82) 
25618:(2,1,1.00) 
25708:(2,2,1.41) 
25710:(2,2,1.41) (3,6,1.82) 
25711:(3,3,1.44) 
25712:(2,2,1.41) 
25713:(2,2,1.41) (3,6,1.82) 
25714:(3,12,2.29) 
25715:(2,2,1.41) 
25808:(2,1,1.00) 
25809:(3,6,1.82) (4,4,1.41) 
25908:(3,6,1.82) 
25910:(2,4,2.00) (3,6,1.82) 
25912:(3,9,2.08) 
25913:(2,2,1.41) 
26008:(2,2,1.41) 
26011:(2,2,1.41) 
26015:(2,2,1.41) 
26108:(2,2,1.41) 
26109:(3,1,1.00) 
26111:(2,2,1.41) (3,3,1.44) 
26208:(2,1,1.00) 
26210:(2,2,1.41) 
26213:(2,2,1.41) 
26411:(2,2,1.41) 
26512:(2,2,1.41) (3,6,1.82) 
26514:(3,3,1.44) 
26515:(2,2,1.41) 
26610:(2,2,1.41) 
26715:(3,6,1.82) 
26716:(3,6,1.82) 
26810:(2,2,1.41) 
26811:(3,6,1.82) (4,4,1.41) 
26910:(3,6,1.82) 
26914:(3,6,1.82) 
26917:(3,6,1.82) 
26918:(2,2,1.41) (3,3,1.44) 
27013:(3,6,1.82) (4,4,1.41) 
27014:(2,2,1.41) (3,6,1.82) (4,4,1.41) 
27017:(3,3,1.44) 
27111:(3,3,1.44) 
27112:(3,9,2.08) 
27113:(2,2,1.41) 
27115:(3,12,2.29) 
27116:(3,6,1.82) 
27211:(3,18,2.62) (4,16,2.00) 
27214:(3,6,1.82) 
27309:(3,6,1.82) 
27310:(3,12,2.29) 
27311:(2,4,2.00) 
27312:(3,3,1.44) 
27313:(3,3,1.44) 
27314:(3,3,1.44) 
27407:(2,2,1.41) (3,3,1.44) 
27412:(2,1,1.00) 
27506:(2,2,1.41) 
27509:(3,6,1.82) 
27511:(3,3,1.44) 
27513:(2,2,1.41) (3,6,1.82) 
27516:(2,2,1.41) 
27611:(2,2,1.41) 
27614:(2,2,1.41) 
27710:(2,2,1.41) (3,3,1.44) 
27809:(2,2,1.41) 
27811:(2,2,1.41) 
27914:(3,3,1.44) 
28111:(3,6,1.82) 
28113:(3,3,1.44) 
28117:(3,6,1.82) 
28213:(3,12,2.29) (4,12,1.86) 
28216:(3,6,1.82) 
28311:(3,6,1.82) 
28312:(3,6,1.82) 
28313:(2,2,1.41) 
28315:(3,6,1.82) 
28318:(3,3,1.44) 
28319:(3,6,1.82) 
28413:(2,2,1.41) 
28414:(3,6,1.82) (4,4,1.41) 
28415:(3,12,2.29) (4,12,1.86) 
28416:(2,2,1.41) (3,6,1.82) (4,1,1.00) 
28418:(3,6,1.82) 
28419:(2,2,1.41) 
28510:(3,3,1.44) (4,4,1.41) (5,1,1.00) 
28511:(3,6,1.82) 
28513:(3,18,2.62) 
28514:(2,2,1.41) (3,6,1.82) 
28515:(2,2,1.41) 
28517:(3,9,2.08) 
28609:(3,6,1.82) (4,4,1.41) 
28613:(3,18,2.62) (4,24,2.21) 
28616:(3,12,2.29) 
28708:(3,3,1.44) 
28711:(3,12,2.29) 
28712:(3,6,1.82) 
28713:(2,2,1.41) (3,6,1.82) 
28714:(2,2,1.41) (3,3,1.44) 
28715:(3,6,1.82) 
28809:(2,2,1.41) (3,6,1.82) 
28810:(3,3,1.44) (4,6,1.57) 
28812:(2,2,1.41) 
28907:(2,2,1.41) 
28909:(3,3,1.44) 
28911:(3,12,2.29) 
28913:(3,3,1.44) 
28915:(3,3,1.44) 
29107:(2,2,1.41) 
29112:(2,2,1.41) (3,12,2.29) 
29113:(3,6,1.82) 
29115:(2,2,1.41) (3,1,1.00) 
29210:(2,2,1.41) 
29315:(3,6,1.82) 
29316:(2,2,1.41) 
29317:(3,3,1.44) 
29410:(2,2,1.41) 
29414:(2,1,1.00) 
29513:(3,12,2.29) 
29515:(3,3,1.44) 
29519:(3,3,1.44) 
29615:(3,6,1.82) (4,12,1.86) 
29618:(3,6,1.82) 
29709:(2,2,1.41) 
29713:(3,6,1.82) 
29716:(3,6,1.82) 
29717:(3,6,1.82) 
29720:(3,3,1.44) 
29721:(3,1,1.00) 
29812:(3,6,1.82) (4,12,1.86) 
29816:(3,12,2.29) (4,12,1.86) 
29817:(3,6,1.82) (4,12,1.86) 
29818:(3,3,1.44) 
29819:(3,6,1.82) 
29820:(3,6,1.82) 
29911:(3,6,1.82) 
29912:(3,9,2.08) (4,16,2.00) (5,5,1.38) 
29913:(3,6,1.82) 
29914:(3,6,1.82) 
29915:(3,21,2.76) (4,4,1.41) 
29916:(2,2,1.41) 
29918:(3,6,1.82) 
29919:(3,3,1.44) 
30010:(3,6,1.82) (4,4,1.41) 
30011:(3,12,2.29) (4,12,1.86) 
30012:(2,4,2.00) (3,3,1.44) 
30014:(3,12,2.29) (4,12,1.86) 
30015:(3,12,2.29) (4,16,2.00) 
30018:(3,6,1.82) 
30109:(3,6,1.82) 
30110:(3,3,1.44) 
30111:(2,2,1.41) 
30113:(3,12,2.29) 
30114:(3,12,2.29) 
30115:(3,6,1.82) 
30116:(3,6,1.82) 
30117:(3,3,1.44) 
30210:(3,6,1.82) (4,4,1.41) 
30211:(3,3,1.44) 
30212:(3,9,2.08) (4,24,2.21) 
30215:(3,3,1.44) 
30309:(3,6,1.82) 
30310:(3,3,1.44) 
30311:(3,6,1.82) 
30313:(3,6,1.82) 
30315:(3,1,1.00) 
30316:(3,6,1.82) 
30317:(2,2,1.41) 
30408:(3,6,1.82) 
30510:(3,3,1.44) 
30514:(3,15,2.47) 
30515:(3,6,1.82) 
30710:(2,2,1.41) 
30711:(3,6,1.82) 
30716:(3,6,1.82) 
30717:(3,6,1.82) 
30718:(3,3,1.44) 
30812:(3,6,1.82) (4,4,1.41) 
30814:(3,3,1.44) (4,6,1.57) 
30911:(3,6,1.82) 
30913:(3,3,1.44) 
30915:(3,6,1.82) 
30920:(3,6,1.82) 
31013:(2,2,1.41) 
31016:(3,6,1.82) (4,12,1.86) 
31017:(3,6,1.82) (4,4,1.41) 
31112:(3,3,1.44) 
31115:(3,6,1.82) 
31118:(3,6,1.82) 
31122:(3,3,1.44) 
31214:(3,12,2.29) (4,36,2.45) 
31217:(3,6,1.82) 
31218:(3,9,2.08) (4,18,2.06) 
31219:(3,6,1.82) (4,4,1.41) 
31220:(2,1,1.00) 
31221:(3,6,1.82) 
31312:(3,6,1.82) 
31313:(3,6,1.82) 
31314:(3,9,2.08) (4,24,2.21) (5,10,1.58) 
31316:(3,6,1.82) 
31317:(3,15,2.47) (4,12,1.86) 
31319:(3,3,1.44) 
31320:(3,9,2.08) 
31410:(3,6,1.82) 
31412:(3,12,2.29) (4,12,1.86) 
31413:(3,6,1.82) (4,12,1.86) 
31414:(2,2,1.41) (3,6,1.82) 
31415:(3,12,2.29) (4,12,1.86) 
31416:(3,18,2.62) (4,36,2.45) 
31417:(2,2,1.41) (3,12,2.29) (4,4,1.41) 
31419:(3,6,1.82) 
31510:(3,3,1.44) 
31511:(3,9,2.08) (4,12,1.86) (5,5,1.38) 
31512:(2,2,1.41) (3,6,1.82) 
31514:(3,12,2.29) 
31515:(3,6,1.82) 
31516:(3,12,2.29) 
31518:(3,3,1.44) 
31610:(3,6,1.82) (4,12,1.86) 
31612:(3,18,2.62) (4,12,1.86) 
31613:(2,2,1.41) 
31614:(3,9,2.08) (4,36,2.45) 
31615:(3,6,1.82) 
31617:(3,6,1.82) 
31709:(3,3,1.44) 
31710:(3,6,1.82) 
31711:(3,6,1.82) 
31712:(2,2,1.41) (3,6,1.82) 
31713:(3,9,2.08) 
31714:(3,6,1.82) 
31717:(3,6,1.82) 
31718:(3,6,1.82) 
31810:(3,12,2.29) 
31811:(4,4,1.41) 
31813:(3,6,1.82) (4,4,1.41) 
31910:(3,3,1.44) 
31912:(3,12,2.29) 
31915:(3,6,1.82) 
31916:(2,2,1.41) (3,6,1.82) 
32006:(2,1,1.00) 
32113:(3,15,2.47) 
32114:(3,6,1.82) 
32118:(3,6,1.82) 
32214:(3,12,2.29) (4,12,1.86) 
32216:(3,3,1.44) (4,12,1.86) 
32217:(3,6,1.82) 
32219:(3,3,1.44) 
32309:(2,2,1.41) 
32312:(3,6,1.82) 
32313:(3,6,1.82) 
32314:(2,2,1.41) (3,3,1.44) 
32316:(3,6,1.82) 
32321:(3,3,1.44) 
32417:(3,6,1.82) (4,12,1.86) 
32418:(3,6,1.82) (4,24,2.21) 
32419:(3,6,1.82) 
32421:(3,6,1.82) 
32512:(3,6,1.82) 
32513:(3,3,1.44) (4,12,1.86) (5,5,1.38) 
32514:(3,9,2.08) 
32516:(3,12,2.29) 
32523:(3,3,1.44) 
32612:(2,1,1.00) (3,6,1.82) (4,12,1.86) 
32616:(3,6,1.82) (4,36,2.45) 
32619:(3,12,2.29) (4,12,1.86) 
32620:(3,9,2.08) (4,16,2.00) 
32621:(3,6,1.82) 
32623:(3,3,1.44) 
32711:(3,3,1.44) 
32714:(3,6,1.82) 
32715:(3,3,1.44) (4,12,1.86) (5,5,1.38) 
32716:(3,15,2.47) (4,20,2.11) (5,10,1.58) 
32718:(3,9,2.08) 
32719:(3,6,1.82) (4,12,1.86) 
32721:(3,3,1.44) 
32722:(3,3,1.44) 
32812:(3,6,1.82) 
32813:(4,12,1.86) 
32814:(3,12,2.29) (4,24,2.21) 
32815:(3,6,1.82) (4,4,1.41) 
32816:(3,3,1.44) 
32817:(3,18,2.62) (4,36,2.45) 
32818:(3,6,1.82) (4,36,2.45) 
32819:(3,6,1.82) 
32820:(3,6,1.82) 
32821:(3,6,1.82) 
32912:(3,3,1.44) 
32913:(3,12,2.29) (4,48,2.63) (5,25,1.90) 
32914:(3,6,1.82) 
32915:(3,6,1.82) 
32916:(3,18,2.62) (4,12,1.86) 
32918:(3,3,1.44) 
33011:(3,6,1.82) (4,12,1.86) 
33012:(3,12,2.29) (4,36,2.45) 
33013:(3,12,2.29) 
33014:(3,12,2.29) (4,12,1.86) 
33015:(3,6,1.82) (4,12,1.86) 
33016:(3,6,1.82) (4,24,2.21) 
33017:(3,6,1.82) 
33019:(3,3,1.44) 
33109:(3,6,1.82) (4,4,1.41) 
33110:(3,6,1.82) 
33111:(3,3,1.44) 
33112:(3,6,1.82) 
33114:(3,6,1.82) 
33115:(3,18,2.62) 
33116:(3,9,2.08) 
33119:(3,6,1.82) 
33208:(3,6,1.82) 
33211:(3,6,1.82) (4,12,1.86) 
33212:(3,6,1.82) 
33213:(4,16,2.00) 
33215:(3,12,2.29) (4,12,1.86) 
33218:(3,6,1.82) 
33310:(3,6,1.82) 
33312:(3,3,1.44) 
33313:(3,6,1.82) 
33314:(3,9,2.08) 
33315:(2,2,1.41) 
33316:(3,6,1.82) 
33317:(3,12,2.29) 
33318:(3,6,1.82) 
33409:(3,3,1.44) 
33412:(3,6,1.82) (4,4,1.41) 
33511:(3,6,1.82) 
33513:(3,6,1.82) 
33515:(3,12,2.29) 
33516:(3,6,1.82) 
33520:(3,3,1.44) 
33616:(3,6,1.82) (4,12,1.86) 
33618:(4,6,1.57) 
33619:(3,6,1.82) 
33712:(3,3,1.44) 
33714:(3,6,1.82) 
33717:(3,6,1.82) 
33718:(3,6,1.82) 
33813:(3,6,1.82) (4,12,1.86) 
33815:(4,12,1.86) 
33819:(3,6,1.82) (4,24,2.21) 
33820:(4,12,1.86) 
33822:(3,6,1.82) 
33912:(3,6,1.82) 
33914:(3,6,1.82) 
33915:(3,6,1.82) (4,36,2.45) (5,20,1.82) 
33916:(3,3,1.44) 
33917:(3,6,1.82) 
33918:(3,6,1.82) (4,12,1.86) 
33924:(3,1,1.00) 
34013:(3,6,1.82) (4,12,1.86) 
34014:(3,6,1.82) (4,24,2.21) 
34015:(3,6,1.82) 
34017:(3,6,1.82) (4,24,2.21) 
34018:(3,6,1.82) (4,12,1.86) 
34020:(3,3,1.44) (4,6,1.57) 
34021:(3,6,1.82) (4,24,2.21) 
34022:(3,6,1.82) (4,6,1.57) 
34024:(3,6,1.82) 
34112:(3,6,1.82) 
34115:(3,6,1.82) 
34116:(3,3,1.44) (4,12,1.86) (5,5,1.38) 
34117:(3,15,2.47) (4,36,2.45) (5,20,1.82) 
34118:(3,12,2.29) (4,16,2.00) (5,5,1.38) 
34119:(3,9,2.08) 
34120:(3,6,1.82) (4,12,1.86) 
34121:(3,6,1.82) (4,4,1.41) 
34212:(3,1,1.00) (4,6,1.57) (5,5,1.38) (6,1,1.00) 
34213:(3,6,1.82) (4,12,1.86) 
34215:(3,12,2.29) (4,60,2.78) 
34216:(3,12,2.29) (4,28,2.30) 
34217:(3,12,2.29) 
34218:(2,2,1.41) 
34219:(3,12,2.29) (4,48,2.63) 
34220:(3,6,1.82) (4,12,1.86) 
34222:(3,6,1.82) 
34311:(3,3,1.44) (4,12,1.86) (5,5,1.38) 
34312:(3,6,1.82) 
34314:(3,9,2.08) 
34315:(3,9,2.08) (4,72,2.91) (5,50,2.19) 
34317:(3,6,1.82) 
34318:(3,12,2.29) (4,36,2.45) 
34319:(3,12,2.29) 
34321:(3,3,1.44) 
34410:(3,3,1.44) (4,6,1.57) 
34411:(3,6,1.82) 
34413:(3,12,2.29) (4,36,2.45) 
34414:(3,6,1.82) (4,36,2.45) 
34415:(3,24,2.88) (4,12,1.86) 
34416:(3,12,2.29) (4,16,2.00) 
34417:(3,6,1.82) (4,36,2.45) 
34418:(3,6,1.82) (4,6,1.57) 
34509:(3,1,1.00) 
34511:(3,15,2.47) (4,12,1.86) 
34512:(3,6,1.82) (4,12,1.86) (5,10,1.58) 
34514:(3,12,2.29) 
34516:(3,3,1.44) 
34517:(3,12,2.29) 
34521:(3,3,1.44) 
34609:(3,6,1.82) 
34610:(3,6,1.82) 
34611:(2,2,1.41) (4,12,1.86) 
34613:(3,18,2.62) (4,36,2.45) 
34615:(4,24,2.21) 
34616:(3,6,1.82) 
34617:(3,6,1.82) (4,12,1.86) 
34620:(3,6,1.82) 
34711:(3,6,1.82) 
34712:(3,6,1.82) 
34714:(3,6,1.82) 
34715:(3,6,1.82) 
34718:(3,12,2.29) 
34719:(3,12,2.29) 
34809:(3,6,1.82) 
34811:(3,6,1.82) 
34812:(4,1,1.00) 
34814:(3,18,2.62) (4,24,2.21) 
34815:(3,6,1.82) (4,12,1.86) 
34817:(3,6,1.82) (4,4,1.41) 
34911:(3,3,1.44) 
34912:(3,6,1.82) 
34913:(3,12,2.29) 
34914:(2,2,1.41) (3,6,1.82) 
34915:(3,6,1.82) 
34916:(3,6,1.82) 
34917:(3,3,1.44) 
34921:(3,6,1.82) 
35017:(3,6,1.82) (4,12,1.86) 
35018:(3,6,1.82) (4,4,1.41) 
35019:(4,12,1.86) 
35020:(3,3,1.44) 
35112:(3,6,1.82) 
35114:(3,6,1.82) 
35116:(3,9,2.08) 
35119:(3,6,1.82) 
35215:(3,12,2.29) (4,36,2.45) 
35217:(4,24,2.21) 
35218:(3,6,1.82) 
35221:(4,24,2.21) 
35222:(3,6,1.82) 
35313:(3,6,1.82) 
35314:(3,6,1.82) 
35317:(3,3,1.44) (4,36,2.45) (5,30,1.97) 
35320:(3,6,1.82) (4,24,2.21) 
35323:(3,3,1.44) 
35411:(3,6,1.82) 
35413:(3,3,1.44) 
35415:(3,6,1.82) (4,24,2.21) 
35416:(4,12,1.86) 
35417:(3,6,1.82) 
35418:(3,6,1.82) (4,24,2.21) 
35419:(4,48,2.63) 
35420:(3,6,1.82) 
35422:(3,3,1.44) (4,12,1.86) 
35423:(4,16,2.00) 
35424:(3,3,1.44) 
35425:(3,3,1.44) 
35513:(3,9,2.08) 
35514:(4,24,2.21) (5,20,1.82) 
35517:(3,6,1.82) 
35518:(3,6,1.82) (4,36,2.45) (5,20,1.82) 
35519:(3,3,1.44) (4,36,2.45) (5,30,1.97) 
35520:(3,9,2.08) (4,12,1.86) (5,1,1.00) 
35521:(3,6,1.82) (4,12,1.86) 
35522:(3,6,1.82) (4,24,2.21) 
35523:(3,6,1.82) 
35525:(3,3,1.44) 
35613:(4,24,2.21) 
35614:(3,3,1.44) (4,24,2.21) (5,25,1.90) (6,6,1.35) 
35615:(3,12,2.29) (4,24,2.21) 
35616:(3,6,1.82) (4,12,1.86) 
35617:(3,15,2.47) (4,96,3.13) (5,5,1.38) 
35618:(3,18,2.62) (4,12,1.86) 
35619:(3,6,1.82) 
35620:(3,12,2.29) (4,24,2.21) 
35621:(3,6,1.82) (4,36,2.45) 
35622:(3,6,1.82) 
35712:(3,3,1.44) (4,12,1.86) (5,5,1.38) 
35713:(3,12,2.29) (4,36,2.45) (5,20,1.82) 
35714:(3,12,2.29) (4,4,1.41) 
35715:(3,9,2.08) 
35716:(3,9,2.08) (4,36,2.45) (5,20,1.82) 
35717:(3,9,2.08) (4,60,2.78) (5,50,2.19) 
35720:(3,15,2.47) (4,36,2.45) 
35723:(3,3,1.44) 
35811:(3,6,1.82) (4,12,1.86) 
35812:(3,3,1.44) (4,12,1.86) 
35813:(3,12,2.29) 
35814:(4,4,1.41) 
35815:(3,9,2.08) (4,60,2.78) 
35816:(3,18,2.62) (4,36,2.45) 
35817:(3,15,2.47) (4,24,2.21) 
35818:(3,12,2.29) (4,36,2.45) 
35819:(4,36,2.45) 
35820:(3,9,2.08) 
35910:(3,3,1.44) 
35912:(3,3,1.44) (4,12,1.86) (5,5,1.38) 
35913:(3,12,2.29) (4,12,1.86) 
35914:(4,48,2.63) (5,50,2.19) 
35915:(3,18,2.62) 
35916:(3,6,1.82) 
35917:(4,12,1.86) 
35918:(3,6,1.82) 
35922:(3,6,1.82) 
36011:(3,12,2.29) (4,12,1.86) 
36012:(4,12,1.86) 
36013:(4,36,2.45) 
36014:(3,9,2.08) 
36015:(3,12,2.29) (4,36,2.45) 
36016:(4,4,1.41) 
36017:(4,16,2.00) 
36018:(3,12,2.29) (4,12,1.86) 
36019:(3,6,1.82) (4,4,1.41) 
36110:(3,9,2.08) (4,12,1.86) 
36113:(3,6,1.82) 
36115:(3,6,1.82) 
36116:(3,6,1.82) 
36117:(3,6,1.82) 
36120:(3,9,2.08) 
36209:(3,6,1.82) 
36211:(3,6,1.82) 
36212:(4,12,1.86) 
36213:(3,3,1.44) 
36214:(4,4,1.41) 
36216:(3,18,2.62) (4,48,2.63) 
36217:(3,6,1.82) (4,24,2.21) 
36219:(3,12,2.29) (4,4,1.41) 
36220:(3,6,1.82) 
36313:(3,3,1.44) 
36314:(3,12,2.29) 
36315:(3,12,2.29) 
36317:(3,6,1.82) 
36318:(3,6,1.82) 
36322:(3,3,1.44) 
36412:(3,6,1.82) 
36413:(3,6,1.82) (4,12,1.86) 
36418:(3,6,1.82) (4,12,1.86) 
36419:(3,6,1.82) (4,24,2.21) 
36420:(3,6,1.82) (4,12,1.86) 
36421:(4,12,1.86) 
36422:(3,6,1.82) 
36512:(3,6,1.82) 
36514:(3,15,2.47) (4,12,1.86) (5,5,1.38) 
36515:(3,6,1.82) 
36516:(3,3,1.44) (4,12,1.86) (5,10,1.58) 
36517:(3,12,2.29) 
36518:(3,3,1.44) 
36613:(3,6,1.82) (4,12,1.86) 
36615:(4,12,1.86) 
36617:(3,6,1.82) (4,36,2.45) 
36619:(4,12,1.86) 
36620:(3,6,1.82) 
36622:(4,24,2.21) 
36623:(3,6,1.82) (4,12,1.86) 
36712:(3,3,1.44) 
36715:(3,12,2.29) 
36717:(3,6,1.82) 
36718:(4,24,2.21) (5,20,1.82) 
36719:(3,6,1.82) (4,24,2.21) (5,20,1.82) 
36722:(4,12,1.86) 
36813:(3,6,1.82) 
36814:(4,12,1.86) 
36816:(4,6,1.57) 
36817:(4,36,2.45) 
36818:(3,6,1.82) 
36820:(4,48,2.63) 
36821:(4,24,2.21) 
36824:(4,18,2.06) 
36825:(3,6,1.82) (4,4,1.41) 
36915:(3,6,1.82) 
36916:(4,72,2.91) (5,80,2.40) 
36919:(4,24,2.21) 
36920:(3,3,1.44) (4,48,2.63) (5,40,2.09) 
36921:(3,6,1.82) (4,24,2.21) (5,20,1.82) 
36922:(3,3,1.44) (4,4,1.41) 
36923:(3,6,1.82) (4,24,2.21) 
36924:(4,12,1.86) 
36926:(3,3,1.44) 
37014:(4,24,2.21) 
37015:(4,48,2.63) 
37016:(3,15,2.47) (4,36,2.45) (5,50,2.19) (6,15,1.57) 
37017:(4,12,1.86) 
37018:(3,6,1.82) (4,36,2.45) 
37019:(3,6,1.82) (4,84,3.03) (5,20,1.82) 
37020:(3,12,2.29) 
37021:(3,6,1.82) (4,12,1.86) 
37022:(3,3,1.44) (4,54,2.71) 
37023:(3,6,1.82) (4,12,1.86) 
37112:(3,6,1.82) (4,12,1.86) 
37114:(3,6,1.82) (4,36,2.45) (5,20,1.82) 
37115:(3,3,1.44) (4,36,2.45) (5,30,1.97) 
37116:(3,27,3.00) (4,12,1.86) 
37117:(3,9,2.08) (4,36,2.45) (5,20,1.82) 
37118:(3,6,1.82) (4,96,3.13) (5,80,2.40) 
37119:(3,18,2.62) (4,48,2.63) (5,25,1.90) 
37121:(3,3,1.44) (4,24,2.21) 
37122:(3,6,1.82) (4,12,1.86) 
37211:(3,6,1.82) 
37212:(3,3,1.44) (4,6,1.57) 
37213:(3,6,1.82) (4,36,2.45) (5,20,1.82) (6,6,1.35) 
37214:(3,6,1.82) (4,30,2.34) 
37215:(3,6,1.82) 
37216:(2,1,1.00) (3,6,1.82) (4,60,2.78) 
37217:(3,6,1.82) (4,60,2.78) 
37218:(3,30,3.11) (4,48,2.63) 
37219:(4,12,1.86) 
37220:(4,42,2.55) 
37221:(3,12,2.29) (4,12,1.86) 
37311:(3,3,1.44) 
37312:(4,24,2.21) (5,20,1.82) 
37314:(3,12,2.29) (4,48,2.63) (5,20,1.82) 
37315:(3,6,1.82) (4,4,1.41) 
37316:(3,12,2.29) (4,72,2.91) (5,100,2.51) 
37317:(3,6,1.82) (4,12,1.86) 
37319:(3,9,2.08) (4,36,2.45) 
37323:(3,3,1.44) 
37411:(4,12,1.86) 
37412:(3,6,1.82) (4,12,1.86) 
37413:(3,12,2.29) (4,24,2.21) 
37414:(3,6,1.82) (4,36,2.45) 
37415:(3,6,1.82) (4,48,2.63) 
37416:(3,18,2.62) (4,24,2.21) 
37417:(3,6,1.82) (4,16,2.00) 
37418:(4,12,1.86) 
37419:(3,6,1.82) (4,16,2.00) 
37420:(3,6,1.82) (4,24,2.21) 
37421:(3,6,1.82) 
37423:(3,6,1.82) 
37511:(3,6,1.82) 
37512:(3,12,2.29) (4,36,2.45) 
37513:(4,4,1.41) (5,10,1.58) 
37514:(3,6,1.82) 
37515:(3,9,2.08) (4,12,1.86) (5,5,1.38) 
37516:(3,9,2.08) 
37517:(3,3,1.44) 
37518:(3,12,2.29) 
37521:(3,6,1.82) 
37610:(3,6,1.82) 
37611:(3,6,1.82) 
37612:(3,3,1.44) (4,10,1.78) 
37614:(3,6,1.82) (4,48,2.63) 
37616:(4,6,1.57) 
37617:(3,6,1.82) (4,12,1.86) 
37618:(3,12,2.29) (4,40,2.51) 
37619:(4,12,1.86) 
37621:(3,6,1.82) 
37708:(3,3,1.44) 
37711:(3,3,1.44) 
37713:(3,3,1.44) 
37716:(3,12,2.29) 
37718:(3,6,1.82) 
37719:(3,6,1.82) 
37810:(3,6,1.82) 
37814:(3,6,1.82) 
37815:(3,12,2.29) (4,48,2.63) 
37816:(4,24,2.21) 
37818:(3,6,1.82) (4,4,1.41) 
37820:(3,6,1.82) (4,24,2.21) 
37821:(4,12,1.86) 
37822:(4,12,1.86) 
37823:(3,6,1.82) 
37913:(3,6,1.82) 
37914:(3,6,1.82) 
37916:(3,12,2.29) (4,36,2.45) (5,20,1.82) 
37918:(3,6,1.82) (4,24,2.21) (5,30,1.97) 
37919:(3,6,1.82) (4,12,1.86) 
37921:(4,12,1.86) 
38011:(3,6,1.82) 
38014:(3,6,1.82) (4,12,1.86) 
38015:(3,6,1.82) (4,24,2.21) 
38016:(3,6,1.82) (4,12,1.86) 
38017:(4,12,1.86) 
38018:(3,9,2.08) (4,24,2.21) 
38019:(3,6,1.82) (4,12,1.86) 
38020:(4,12,1.86) 
38023:(4,12,1.86) 
38024:(4,24,2.21) 
38113:(3,12,2.29) 
38117:(3,9,2.08) 
38118:(3,12,2.29) 
38119:(4,24,2.21) (5,20,1.82) 
38120:(4,48,2.63) (5,60,2.27) 
38121:(3,6,1.82) (4,24,2.21) (5,5,1.38) 
38123:(4,24,2.21) 
38124:(3,6,1.82) 
38214:(3,6,1.82) (4,12,1.86) 
38215:(4,12,1.86) (5,20,1.82) (6,6,1.35) 
38216:(4,48,2.63) 
38218:(4,60,2.78) 
38219:(3,6,1.82) (4,24,2.21) 
38220:(3,6,1.82) 
38222:(4,36,2.45) 
38225:(4,12,1.86) 
38226:(3,3,1.44) (4,12,1.86) 
38313:(3,6,1.82) 
38314:(3,3,1.44) (4,24,2.21) (5,20,1.82) 
38318:(4,72,2.91) (5,120,2.61) 
38320:(3,6,1.82) 
38321:(4,72,2.91) (5,20,1.82) 
38322:(3,6,1.82) (4,48,2.63) (5,50,2.19) 
38323:(3,6,1.82) (4,24,2.21) (5,5,1.38) 
38324:(3,3,1.44) 
38325:(4,24,2.21) 
38326:(3,6,1.82) 
38412:(3,6,1.82) 
38413:(4,12,1.86) 
38416:(4,48,2.63) 
38417:(4,36,2.45) (5,20,1.82) (6,6,1.35) 
38418:(3,10,2.15) (4,60,2.78) (5,55,2.23) (6,20,1.65) 
38419:(3,6,1.82) (4,12,1.86) 
38420:(4,72,2.91) 
38421:(3,15,2.47) (4,48,2.63) (5,30,1.97) 
38422:(3,3,1.44) 
38423:(4,24,2.21) 
38424:(3,3,1.44) (4,40,2.51) 
38427:(3,1,1.00) 
38514:(3,6,1.82) (4,24,2.21) 
38515:(4,12,1.86) (5,30,1.97) 
38516:(3,3,1.44) (4,60,2.78) (5,50,2.19) 
38517:(3,12,2.29) (4,24,2.21) (5,20,1.82) 
38518:(3,12,2.29) (4,12,1.86) 
38519:(3,6,1.82) (4,96,3.13) (5,80,2.40) 
38520:(4,84,3.03) (5,120,2.61) 
38521:(3,12,2.29) (4,36,2.45) (5,5,1.38) 
38522:(3,3,1.44) (4,24,2.21) 
38523:(4,48,2.63) 
38524:(3,6,1.82) 
38612:(3,6,1.82) 
38614:(3,3,1.44) (4,24,2.21) 
38615:(4,72,2.91) (5,100,2.51) (6,36,1.82) 
38616:(3,9,2.08) (4,48,2.63) 
38617:(3,3,1.44) (4,24,2.21) 
38618:(4,132,3.39) (5,20,1.82) 
38619:(3,15,2.47) (4,24,2.21) 
38620:(3,6,1.82) (4,36,2.45) 
38621:(3,6,1.82) (4,12,1.86) 
38622:(4,24,2.21) 
38712:(3,1,1.00) 
38713:(4,24,2.21) (5,20,1.82) 
38714:(4,72,2.91) (5,80,2.40) 
38715:(3,18,2.62) (4,24,2.21) 
38716:(3,9,2.08) (4,60,2.78) (5,30,1.97) 
38717:(3,6,1.82) (4,36,2.45) (5,30,1.97) 
38718:(4,60,2.78) (5,100,2.51) 
38719:(3,12,2.29) (4,24,2.21) 
38720:(3,3,1.44) 
38721:(4,36,2.45) 
38722:(3,3,1.44) 
38811:(3,3,1.44) (4,12,1.86) (5,5,1.38) 
38812:(3,6,1.82) (4,24,2.21) 
38813:(4,24,2.21) 
38814:(3,24,2.88) (4,24,2.21) 
38815:(4,12,1.86) 
38816:(3,9,2.08) (4,54,2.71) 
38817:(3,12,2.29) (4,84,3.03) 
38818:(3,3,1.44) (4,60,2.78) 
38819:(3,6,1.82) (4,12,1.86) 
38820:(3,6,1.82) (4,13,1.90) 
38821:(3,6,1.82) (4,24,2.21) 
38822:(4,12,1.86) 
38824:(3,6,1.82) 
38910:(3,6,1.82) (4,12,1.86) 
38912:(3,3,1.44) 
38913:(4,24,2.21) (5,20,1.82) 
38914:(3,6,1.82) (4,36,2.45) 
38915:(3,9,2.08) (4,16,2.00) (5,50,2.19) 
38917:(3,12,2.29) (4,36,2.45) (5,20,1.82) 
38918:(4,4,1.41) 
38919:(3,6,1.82) 
38920:(3,6,1.82) (4,12,1.86) 
38922:(3,3,1.44) 
39009:(3,3,1.44) 
39012:(3,6,1.82) (4,24,2.21) 
39013:(4,4,1.41) 
39014:(3,9,2.08) (4,24,2.21) 
39015:(3,6,1.82) (4,12,1.86) 
39016:(3,6,1.82) (4,60,2.78) 
39017:(3,9,2.08) 
39018:(3,6,1.82) (4,16,2.00) 
39019:(3,12,2.29) (4,48,2.63) 
39020:(3,12,2.29) (4,36,2.45) 
39021:(3,6,1.82) 
39022:(3,6,1.82) (4,4,1.41) 
39110:(3,3,1.44) 
39111:(4,12,1.86) 
39112:(3,3,1.44) 
39114:(3,9,2.08) (4,12,1.86) (5,5,1.38) 
39115:(3,6,1.82) 
39117:(3,12,2.29) 
39119:(3,9,2.08) 
39212:(3,6,1.82) 
39213:(3,6,1.82) (4,16,2.00) 
39215:(3,6,1.82) (4,12,1.86) 
39217:(3,6,1.82) (4,72,2.91) 
39218:(4,48,2.63) 
39220:(3,6,1.82) (4,4,1.41) 
39222:(4,24,2.21) 
39223:(3,6,1.82) 
39224:(4,6,1.57) 
39312:(3,4,1.59) 
39314:(3,6,1.82) 
39315:(3,6,1.82) 
39317:(3,6,1.82) 
39318:(3,3,1.44) (4,36,2.45) (5,30,1.97) 
39320:(4,12,1.86) (5,30,1.97) 
39321:(3,9,2.08) (4,24,2.21) 
39323:(4,12,1.86) 
39324:(3,3,1.44) 
39413:(3,12,2.29) 
39414:(3,6,1.82) (4,12,1.86) 
39416:(3,6,1.82) (4,24,2.21) 
39417:(4,12,1.86) 
39418:(3,6,1.82) (4,12,1.86) 
39419:(3,6,1.82) (4,24,2.21) 
39420:(4,48,2.63) 
39421:(3,6,1.82) (4,12,1.86) 
39422:(4,12,1.86) 
39425:(4,12,1.86) 
39426:(4,4,1.41) 
39514:(3,3,1.44) 
39515:(3,6,1.82) (4,24,2.21) (5,20,1.82) 
39517:(4,12,1.86) (5,30,1.97) 
39519:(3,3,1.44) 
39521:(4,48,2.63) (5,60,2.27) 
39522:(4,24,2.21) (5,60,2.27) 
39523:(4,12,1.86) 
39524:(4,24,2.21) 
39525:(4,24,2.21) 
39614:(4,24,2.21) 
39616:(3,12,2.29) (4,36,2.45) 
39617:(4,36,2.45) (5,80,2.40) (6,30,1.76) 
39618:(4,48,2.63) 
39619:(3,6,1.82) (4,24,2.21) 
39620:(4,78,2.97) (5,20,1.82) 
39621:(3,6,1.82) 
39623:(4,24,2.21) 
39624:(4,12,1.86) 
39626:(4,4,1.41) 
39627:(4,12,1.86) 
39628:(4,1,1.00) 
39714:(3,6,1.82) 
39715:(4,24,2.21) (5,20,1.82) 
39716:(3,9,2.08) (4,48,2.63) (5,60,2.27) 
39717:(3,12,2.29) (4,12,1.86) 
39719:(4,48,2.63) (5,60,2.27) 
39720:(4,48,2.63) (5,80,2.40) 
39721:(3,6,1.82) 
39722:(4,12,1.86) (5,10,1.58) 
39723:(4,72,2.91) (5,60,2.27) 
39724:(3,6,1.82) (4,36,2.45) (5,35,2.04) 
39725:(4,12,1.86) 
39726:(4,24,2.21) 
39727:(3,6,1.82) (4,12,1.86) 
39814:(3,6,1.82) (4,24,2.21) 
39815:(4,16,2.00) 
39816:(3,6,1.82) 
39817:(3,6,1.82) (4,12,1.86) 
39818:(4,60,2.78) (5,20,1.82) (6,6,1.35) 
39819:(4,72,2.91) (5,80,2.40) (6,30,1.76) 
39820:(3,6,1.82) (4,66,2.85) (5,45,2.14) (6,15,1.57) 
39821:(4,60,2.78) 
39822:(3,6,1.82) (4,72,2.91) (5,20,1.82) 
39823:(3,12,2.29) (4,24,2.21) (5,20,1.82) 
39825:(4,24,2.21) 
39826:(4,10,1.78) 
39914:(3,3,1.44) (4,4,1.41) (5,10,1.58) (6,6,1.35) (7,1,1.00) 
39915:(4,24,2.21) (5,20,1.82) 
39916:(3,6,1.82) (4,12,1.86) 
39917:(4,84,3.03) (5,160,2.76) 
39918:(3,6,1.82) (4,72,2.91) (5,80,2.40) 
39919:(3,18,2.62) (4,36,2.45) (5,5,1.38) 
39920:(3,6,1.82) (4,16,2.00) 
39921:(4,120,3.31) (5,150,2.72) 
39922:(3,6,1.82) (4,48,2.63) (5,80,2.40) 
39923:(3,3,1.44) (4,12,1.86) 
39924:(4,48,2.63) 
39925:(4,24,2.21) 
40013:(4,12,1.86) (5,20,1.82) (6,6,1.35) 
40014:(4,24,2.21) 
40015:(4,12,1.86) 
40016:(4,66,2.85) 
40017:(3,6,1.82) (4,84,3.03) (5,200,2.89) (6,90,2.12) 
40018:(3,6,1.82) (4,24,2.21) 
40019:(4,48,2.63) 
40020:(4,136,3.41) (5,80,2.40) 
40021:(3,6,1.82) (4,48,2.63) 
40022:(3,12,2.29) (4,18,2.06) 
40023:(4,36,2.45) 
40024:(4,6,1.57) 
40112:(4,12,1.86) (5,10,1.58) 
40113:(4,24,2.21) 
40115:(4,72,2.91) (5,80,2.40) 
40116:(4,72,2.91) (5,120,2.61) 
40117:(3,24,2.88) (4,84,3.03) (5,20,1.82) 
40118:(3,6,1.82) (4,72,2.91) (5,50,2.19) 
40119:(4,84,3.03) (5,120,2.61) 
40120:(3,12,2.29) (4,48,2.63) (5,50,2.19) 
40121:(4,12,1.86) 
40122:(4,12,1.86) 
40123:(4,12,1.86) 
40211:(4,4,1.41) 
40213:(3,6,1.82) (4,48,2.63) (5,20,1.82) 
40214:(4,54,2.71) (5,30,1.97) (6,15,1.57) 
40215:(3,12,2.29) (4,24,2.21) 
40216:(3,12,2.29) (4,48,2.63) 
40217:(3,6,1.82) (4,24,2.21) 
40218:(3,3,1.44) (4,48,2.63) 
40219:(4,108,3.22) 
40220:(4,36,2.45) 
40221:(3,3,1.44) (4,12,1.86) 
40222:(4,4,1.41) 
40223:(4,24,2.21) 
40224:(3,6,1.82) 
40311:(3,6,1.82) (4,12,1.86) 
40312:(3,6,1.82) (4,24,2.21) 
40313:(3,6,1.82) (4,12,1.86) (5,30,1.97) 
40315:(3,6,1.82) (4,96,3.13) (5,80,2.40) 
40316:(3,9,2.08) (4,12,1.86) 
40317:(4,24,2.21) (5,100,2.51) 
40318:(4,24,2.21) 
40319:(3,3,1.44) (4,36,2.45) (5,30,1.97) 
40320:(4,12,1.86) 
40322:(3,6,1.82) (4,24,2.21) 
40325:(3,3,1.44) 
40410:(3,6,1.82) 
40412:(4,6,1.57) 
40413:(4,24,2.21) 
40414:(4,48,2.63) 
40415:(3,18,2.62) (4,12,1.86) 
40416:(4,42,2.55) 
40417:(3,6,1.82) (4,36,2.45) 
40418:(4,24,2.21) 
40419:(3,6,1.82) 
40420:(3,12,2.29) (4,49,2.65) 
40421:(4,84,3.03) 
40422:(3,6,1.82) (4,24,2.21) 
40423:(3,6,1.82) (4,4,1.41) 
40511:(3,6,1.82) (4,12,1.86) 
40513:(4,36,2.45) 
40514:(5,5,1.38) 
40515:(3,3,1.44) 
40516:(3,9,2.08) (4,60,2.78) (5,40,2.09) 
40517:(4,24,2.21) (5,20,1.82) 
40518:(3,6,1.82) 
40519:(3,6,1.82) (4,16,2.00) (5,10,1.58) 
40610:(3,6,1.82) 
40613:(4,12,1.86) 
40614:(3,6,1.82) (4,12,1.86) 
40615:(3,6,1.82) (4,60,2.78) 
40616:(3,6,1.82) (4,24,2.21) 
40617:(3,12,2.29) (4,24,2.21) 
40618:(3,6,1.82) (4,28,2.30) 
40619:(3,6,1.82) (4,48,2.63) 
40620:(3,6,1.82) (4,24,2.21) 
40623:(4,24,2.21) 
40624:(3,6,1.82) (4,12,1.86) 
40625:(4,12,1.86) 
40709:(3,3,1.44) 
40713:(3,6,1.82) 
40715:(3,6,1.82) 
40718:(3,12,2.29) 
40719:(4,24,2.21) (5,20,1.82) 
40720:(3,6,1.82) (4,24,2.21) (5,20,1.82) 
40721:(4,12,1.86) (5,30,1.97) 
40722:(3,3,1.44) (4,12,1.86) (5,10,1.58) 
40723:(4,12,1.86) 
40814:(3,6,1.82) (4,12,1.86) 
40815:(3,6,1.82) 
40816:(4,40,2.51) 
40817:(4,12,1.86) 
40818:(3,3,1.44) (4,42,2.55) 
40819:(3,6,1.82) 
40820:(4,12,1.86) 
40821:(4,48,2.63) 
40822:(4,24,2.21) 
40823:(4,12,1.86) 
40827:(4,12,1.86) 
40913:(3,6,1.82) 
40915:(3,3,1.44) 
40917:(3,3,1.44) (4,72,2.91) (5,80,2.40) 
40919:(4,24,2.21) (5,90,2.46) 
40920:(3,6,1.82) (4,24,2.21) 
40922:(4,12,1.86) 
40923:(4,36,2.45) (5,90,2.46) 
40924:(4,24,2.21) (5,20,1.82) 
40925:(3,3,1.44) 
40926:(4,24,2.21) 
41012:(3,6,1.82) 
41015:(4,24,2.21) 
41016:(4,48,2.63) 
41017:(3,12,2.29) (4,12,1.86) 
41018:(4,24,2.21) 
41019:(4,48,2.63) (5,120,2.61) (6,60,1.98) 
41020:(4,12,1.86) 
41021:(4,24,2.21) 
41022:(4,60,2.78) (5,60,2.27) 
41024:(4,12,1.86) 
41025:(4,36,2.45) 
41028:(4,4,1.41) 
41029:(4,4,1.41) 
41113:(3,6,1.82) (4,12,1.86) 
41115:(4,12,1.86) 
41117:(4,48,2.63) (5,60,2.27) 
41118:(3,7,1.91) (4,24,2.21) (5,60,2.27) 
41119:(3,6,1.82) (4,24,2.21) 
41120:(4,48,2.63) (5,60,2.27) 
41121:(4,72,2.91) (5,180,2.83) 
41122:(3,6,1.82) (4,48,2.63) (5,20,1.82) 
41124:(4,48,2.63) (5,30,1.97) 
41125:(4,28,2.30) (5,70,2.34) 
41126:(4,24,2.21) (5,10,1.58) 
41127:(3,3,1.44) (4,12,1.86) 
41128:(4,24,2.21) 
41212:(3,6,1.82) 
41215:(4,36,2.45) 
41216:(4,36,2.45) (5,60,2.27) (6,30,1.76) 
41217:(3,6,1.82) (4,24,2.21) 
41219:(3,6,1.82) (4,72,2.91) 
41220:(4,60,2.78) (5,80,2.40) (6,30,1.76) 
41221:(4,72,2.91) (5,120,2.61) (6,60,1.98) 
41222:(3,9,2.08) (4,48,2.63) (5,35,2.04) (6,6,1.35) 
41223:(4,72,2.91) (5,20,1.82) 
41224:(3,3,1.44) (4,52,2.69) (5,60,2.27) 
41225:(3,6,1.82) (4,24,2.21) (5,5,1.38) 
41226:(4,12,1.86) 
41227:(4,24,2.21) 
41228:(3,3,1.44) 
41315:(3,3,1.44) (4,24,2.21) (5,60,2.27) 
41316:(4,16,2.00) (5,50,2.19) (6,36,1.82) (7,7,1.32) 
41317:(3,6,1.82) (4,72,2.91) (5,60,2.27) 
41318:(3,6,1.82) (4,24,2.21) (5,20,1.82) 
41319:(4,144,3.46) (5,320,3.17) (6,6,1.35) 
41320:(3,18,2.62) (4,84,3.03) (5,65,2.30) 
41321:(3,6,1.82) (4,36,2.45) 
41322:(3,6,1.82) (4,96,3.13) (5,60,2.27) 
41323:(3,6,1.82) (4,96,3.13) (5,170,2.79) 
41324:(3,6,1.82) (4,48,2.63) (5,20,1.82) 
41325:(3,3,1.44) 
41326:(4,36,2.45) 
41414:(4,24,2.21) (5,20,1.82) (6,6,1.35) 
41415:(4,60,2.78) (5,80,2.40) (6,30,1.76) 
41416:(3,9,2.08) (4,48,2.63) (5,5,1.38) 
41417:(3,6,1.82) (4,60,2.78) 
41418:(3,3,1.44) (4,96,3.13) (5,80,2.40) (6,30,1.76) 
41419:(3,12,2.29) (4,96,3.13) (5,220,2.94) (6,120,2.22) 
41421:(4,60,2.78) 
41422:(4,120,3.31) (5,120,2.61) 
41423:(4,48,2.63) 
41424:(4,12,1.86) 
41425:(4,36,2.45) 
41513:(4,24,2.21) (5,20,1.82) 
41514:(4,24,2.21) (5,30,1.97) 
41515:(3,12,2.29) (4,60,2.78) 
41516:(5,20,1.82) 
41517:(3,6,1.82) (4,108,3.22) (5,180,2.83) 
41518:(4,96,3.13) (5,120,2.61) 
41519:(3,6,1.82) (4,108,3.22) (5,60,2.27) 
41520:(3,12,2.29) (4,108,3.22) (5,125,2.63) 
41521:(4,60,2.78) (5,180,2.83) 
41522:(3,6,1.82) (4,60,2.78) (5,10,1.58) 
41523:(3,6,1.82) (4,12,1.86) 
41524:(4,24,2.21) 
41612:(4,12,1.86) 
41613:(4,4,1.41) 
41614:(3,3,1.44) (4,12,1.86) (5,20,1.82) (6,6,1.35) 
41615:(3,3,1.44) (4,72,2.91) (5,30,1.97) 
41616:(4,60,2.78) (5,150,2.72) (6,90,2.12) 
41617:(3,6,1.82) (4,96,3.13) 
41618:(3,12,2.29) (4,60,2.78) 
41619:(3,6,1.82) (4,60,2.78) (5,30,1.97) 
41620:(4,42,2.55) 
41621:(3,9,2.08) (4,60,2.78) 
41623:(4,4,1.41) 
41624:(4,24,2.21) 
41625:(3,6,1.82) (4,12,1.86) 
41711:(3,3,1.44) 
41713:(3,6,1.82) (4,48,2.63) (5,20,1.82) 
41714:(4,24,2.21) (5,30,1.97) 
41715:(3,6,1.82) (4,36,2.45) (5,120,2.61) 
41716:(3,6,1.82) (4,36,2.45) 
41717:(4,120,3.31) (5,120,2.61) 
41718:(3,6,1.82) (4,12,1.86) (5,20,1.82) 
41719:(4,20,2.11) (5,100,2.51) 
41720:(4,72,2.91) (5,20,1.82) 
41721:(3,6,1.82) (4,24,2.21) (5,20,1.82) 
41722:(4,12,1.86) 
41724:(4,12,1.86) 
41811:(3,3,1.44) 
41812:(4,36,2.45) (5,20,1.82) 
41813:(4,12,1.86) 
41814:(4,12,1.86) 
41815:(4,48,2.63) 
41816:(4,24,2.21) 
41817:(3,6,1.82) (4,36,2.45) 
41818:(3,3,1.44) (4,76,2.95) 
41819:(4,72,2.91) 
41820:(3,6,1.82) 
41822:(4,72,2.91) 
41823:(3,6,1.82) (4,48,2.63) 
41911:(4,24,2.21) 
41913:(3,9,2.08) (4,24,2.21) 
41914:(4,12,1.86) (5,30,1.97) 
41915:(4,36,2.45) 
41916:(3,6,1.82) (5,25,1.90) 
41918:(3,3,1.44) (4,108,3.22) (5,110,2.56) 
41919:(4,48,2.63) (5,60,2.27) 
41921:(3,6,1.82) (4,52,2.69) (5,20,1.82) 
41922:(4,24,2.21) 
41924:(3,3,1.44) (4,4,1.41) 
42011:(3,6,1.82) 
42013:(4,12,1.86) 
42014:(3,6,1.82) 
42015:(4,24,2.21) 
42016:(3,6,1.82) (4,48,2.63) 
42017:(4,96,3.13) 
42018:(3,18,2.62) (4,24,2.21) 
42019:(3,12,2.29) (4,40,2.51) 
42020:(4,60,2.78) 
42021:(3,6,1.82) (4,36,2.45) 
42024:(4,12,1.86) 
42025:(4,24,2.21) 
42026:(4,6,1.57) 
42111:(3,3,1.44) 
42112:(4,4,1.41) 
42114:(3,9,2.08) (4,12,1.86) 
42115:(4,24,2.21) (5,20,1.82) 
42119:(3,3,1.44) 
42120:(4,24,2.21) (5,20,1.82) 
42121:(4,48,2.63) (5,60,2.27) 
42122:(3,6,1.82) (4,36,2.45) (5,35,2.04) 
42123:(4,12,1.86) (5,60,2.27) 
42124:(4,36,2.45) 
42125:(3,6,1.82) 
42126:(4,12,1.86) 
42211:(3,3,1.44) 
42213:(3,6,1.82) 
42214:(4,24,2.21) 
42216:(3,12,2.29) (4,60,2.78) (5,20,1.82) (6,6,1.35) 
42217:(4,24,2.21) 
42218:(4,54,2.71) (5,30,1.97) (6,15,1.57) 
42219:(3,6,1.82) (4,76,2.95) 
42220:(3,9,2.08) (4,36,2.45) 
42221:(3,6,1.82) (4,24,2.21) 
42223:(3,3,1.44) (4,36,2.45) 
42228:(4,12,1.86) 
42314:(3,6,1.82) 
42315:(4,24,2.21) (5,20,1.82) 
42317:(3,3,1.44) (4,12,1.86) (5,30,1.97) 
42318:(3,3,1.44) 
42319:(4,72,2.91) (5,120,2.61) 
42321:(3,6,1.82) (4,12,1.86) (5,90,2.46) 
42322:(4,48,2.63) 
42324:(4,36,2.45) (5,60,2.27) 
42325:(4,36,2.45) (5,80,2.40) 
42326:(4,24,2.21) 
42328:(4,12,1.86) 
42414:(3,6,1.82) (4,12,1.86) 
42415:(4,4,1.41) 
42416:(4,6,1.57) 
42417:(3,6,1.82) (4,60,2.78) 
42418:(4,24,2.21) 
42419:(3,6,1.82) (4,36,2.45) 
42420:(3,6,1.82) (4,24,2.21) (5,60,2.27) (6,30,1.76) 
42421:(4,72,2.91) (5,100,2.51) (6,60,1.98) 
42423:(4,36,2.45) 
42424:(4,24,2.21) (5,60,2.27) 
42426:(4,12,1.86) 
42427:(4,12,1.86) 
42430:(4,6,1.57) 
42514:(3,3,1.44) 
42515:(3,6,1.82) (4,24,2.21) 
42516:(3,6,1.82) (4,12,1.86) (5,30,1.97) 
42517:(4,12,1.86) 
42518:(3,9,2.08) (5,30,1.97) 
42519:(3,3,1.44) (4,48,2.63) (5,120,2.61) 
42520:(4,24,2.21) (5,20,1.82) 
42521:(4,12,1.86) 
42522:(4,72,2.91) (5,180,2.83) 
42523:(4,24,2.21) (5,180,2.83) 
42524:(4,24,2.21) 
42525:(4,24,2.21) 
42526:(4,48,2.63) (5,60,2.27) 
42527:(4,28,2.30) (5,40,2.09) 
42528:(3,3,1.44) (4,12,1.86) 
42529:(4,12,1.86) 
42530:(4,4,1.41) 
42613:(3,6,1.82) 
42615:(4,12,1.86) 
42617:(4,60,2.78) 
42618:(4,48,2.63) (5,240,2.99) (6,150,2.31) 
42619:(4,24,2.21) 
42620:(4,24,2.21) 
42621:(4,84,3.03) (5,60,2.27) 
42622:(4,42,2.55) (5,150,2.72) (6,75,2.05) 
42623:(4,48,2.63) (5,100,2.51) (6,60,1.98) 
42624:(3,3,1.44) (4,30,2.34) (5,20,1.82) (6,1,1.00) 
42625:(4,64,2.83) (5,60,2.27) 
42626:(4,24,2.21) (5,60,2.27) 
42627:(4,16,2.00) 
42628:(4,24,2.21) 
42629:(4,12,1.86) 
42716:(4,24,2.21) (5,60,2.27) 
42717:(3,3,1.44) (4,48,2.63) (5,180,2.83) 
42718:(4,72,2.91) (5,100,2.51) (6,90,2.12) (7,21,1.54) 
42719:(4,48,2.63) (5,60,2.27) 
42720:(4,72,2.91) (5,120,2.61) 
42721:(4,120,3.31) (5,350,3.23) (6,30,1.76) 
42722:(3,6,1.82) (4,84,3.03) (5,20,1.82) 
42723:(3,3,1.44) (4,48,2.63) (5,30,1.97) 
42724:(4,120,3.31) (5,190,2.86) 
42725:(3,6,1.82) (4,60,2.78) (5,110,2.56) 
42726:(4,24,2.21) 
42727:(4,24,2.21) 
42728:(4,12,1.86) 
42813:(3,6,1.82) 
42814:(4,24,2.21) (5,20,1.82) 
42815:(4,24,2.21) 
42816:(4,48,2.63) (5,80,2.40) (6,30,1.76) 
42817:(4,60,2.78) (5,120,2.61) (6,60,1.98) 
42818:(3,12,2.29) (4,96,3.13) (5,20,1.82) 
42819:(4,96,3.13) (5,80,2.40) (6,30,1.76) 
42820:(3,6,1.82) (4,138,3.43) (5,300,3.13) (6,150,2.31) 
42821:(3,12,2.29) (4,124,3.34) (5,180,2.83) (6,90,2.12) 
42822:(4,36,2.45) 
42823:(4,72,2.91) (5,60,2.27) 
42824:(4,84,3.03) (5,80,2.40) 
42825:(4,4,1.41) 
42826:(4,6,1.57) 
42827:(4,12,1.86) 
42913:(4,24,2.21) 
42914:(4,12,1.86) (5,10,1.58) 
42915:(4,52,2.69) (5,90,2.46) (6,30,1.76) (7,7,1.32) 
42916:(3,12,2.29) (4,48,2.63) (5,90,2.46) 
42917:(3,6,1.82) (4,48,2.63) 
42918:(3,3,1.44) (4,72,2.91) (5,200,2.89) 
42919:(4,108,3.22) (5,260,3.04) 
42920:(3,6,1.82) (4,192,3.72) (5,140,2.69) 
42921:(3,12,2.29) (4,48,2.63) (5,60,2.27) 
42922:(4,96,3.13) (5,210,2.91) 
42923:(4,72,2.91) (5,120,2.61) 
42924:(4,36,2.45) 
42925:(4,24,2.21) 
42926:(4,12,1.86) 
43013:(4,12,1.86) 
43014:(4,24,2.21) (5,60,2.27) (6,30,1.76) 
43015:(3,6,1.82) (4,24,2.21) 
43016:(4,60,2.78) (5,100,2.51) (6,30,1.76) 
43017:(3,6,1.82) (4,84,3.03) (5,20,1.82) 
43018:(4,96,3.13) (5,300,3.13) (6,225,2.47) 
43019:(4,108,3.22) (5,20,1.82) 
43020:(3,12,2.29) (4,36,2.45) 
43021:(4,96,3.13) (5,120,2.61) 
43022:(3,3,1.44) (4,72,2.91) 
43023:(4,24,2.21) 
43024:(4,6,1.57) 
43025:(4,12,1.86) 
43026:(4,24,2.21) 
43113:(4,12,1.86) (5,30,1.97) 
43114:(4,36,2.45) (5,20,1.82) 
43115:(4,84,3.03) (5,60,2.27) 
43116:(3,18,2.62) (4,48,2.63) (5,120,2.61) 
43117:(4,60,2.78) (5,200,2.89) 
43118:(4,132,3.39) (5,60,2.27) 
43119:(4,84,3.03) (5,100,2.51) 
43120:(3,3,1.44) (4,24,2.21) (5,80,2.40) 
43121:(4,40,2.51) (5,70,2.34) 
43122:(4,72,2.91) (5,60,2.27) 
43123:(3,6,1.82) (4,24,2.21) (5,5,1.38) 
43124:(4,4,1.41) 
43125:(4,24,2.21) 
43126:(3,6,1.82) 
43212:(4,4,1.41) 
43213:(4,24,2.21) 
43214:(4,90,3.08) (5,80,2.40) 
43215:(3,6,1.82) (4,24,2.21) (5,20,1.82) (6,20,1.65) 
43216:(4,30,2.34) 
43217:(4,84,3.03) (5,20,1.82) (6,6,1.35) 
43218:(4,36,2.45) 
43219:(4,40,2.51) 
43220:(4,120,3.31) 
43221:(3,6,1.82) (4,48,2.63) 
43222:(3,6,1.82) 
43223:(4,24,2.21) 
43224:(3,6,1.82) (4,48,2.63) 
43225:(4,12,1.86) 
43312:(4,24,2.21) 
43313:(4,48,2.63) 
43314:(3,9,2.08) (4,12,1.86) (5,30,1.97) 
43315:(4,12,1.86) 
43316:(4,72,2.91) (5,140,2.69) 
43317:(4,12,1.86) 
43318:(5,50,2.19) 
43319:(4,36,2.45) (5,20,1.82) 
43320:(3,6,1.82) (4,96,3.13) (5,140,2.69) 
43321:(4,24,2.21) (5,60,2.27) 
43323:(4,60,2.78) (5,10,1.58) 
43324:(4,24,2.21) 
43410:(3,3,1.44) (4,6,1.57) 
43413:(4,12,1.86) 
43414:(4,12,1.86) 
43415:(3,3,1.44) (4,36,2.45) 
43417:(4,24,2.21) 
43418:(4,84,3.03) 
43419:(3,6,1.82) (4,52,2.69) 
43420:(3,6,1.82) (4,24,2.21) 
43421:(3,6,1.82) (4,60,2.78) 
43422:(4,72,2.91) 
43423:(4,24,2.21) 
43426:(4,12,1.86) 
43427:(4,4,1.41) 
43509:(3,3,1.44) 
43512:(4,24,2.21) 
43514:(4,12,1.86) 
43515:(5,1,1.00) 
43516:(3,6,1.82) (4,24,2.21) 
43517:(4,84,3.03) (5,110,2.56) 
43518:(4,24,2.21) (5,60,2.27) 
43519:(3,6,1.82) 
43520:(4,24,2.21) (5,20,1.82) 
43522:(4,48,2.63) (5,60,2.27) 
43523:(4,24,2.21) (5,60,2.27) 
43524:(4,24,2.21) (5,60,2.27) 
43525:(4,24,2.21) (5,30,1.97) 
43526:(4,24,2.21) 
43527:(4,12,1.86) 
43614:(3,6,1.82) (4,6,1.57) 
43615:(4,24,2.21) 
43616:(4,60,2.78) 
43617:(3,12,2.29) (4,24,2.21) 
43618:(4,96,3.13) (5,80,2.40) (6,30,1.76) 
43619:(4,36,2.45) 
43620:(4,60,2.78) (5,90,2.46) (6,60,1.98) 
43621:(4,84,3.03) (5,20,1.82) 
43622:(3,6,1.82) (4,18,2.06) 
43623:(4,12,1.86) (5,30,1.97) 
43624:(4,24,2.21) 
43625:(4,12,1.86) 
43629:(4,4,1.41) 
43713:(3,6,1.82) (4,12,1.86) 
43716:(4,24,2.21) (5,20,1.82) 
43717:(4,48,2.63) (5,60,2.27) 
43718:(3,9,2.08) (4,24,2.21) (5,30,1.97) 
43719:(4,12,1.86) (5,60,2.27) 
43720:(4,60,2.78) (5,60,2.27) 
43721:(4,48,2.63) (5,80,2.40) 
43722:(4,12,1.86) (5,60,2.27) 
43723:(4,12,1.86) (5,30,1.97) 
43724:(4,24,2.21) 
43725:(4,12,1.86) (5,30,1.97) 
43726:(4,24,2.21) (5,120,2.61) 
43727:(4,24,2.21) (5,30,1.97) 
43729:(4,24,2.21) 
43812:(3,6,1.82) 
43814:(3,6,1.82) 
43815:(4,48,2.63) 
43816:(4,12,1.86) 
43817:(3,6,1.82) (4,24,2.21) 
43819:(3,6,1.82) (4,84,3.03) 
43820:(4,48,2.63) 
43821:(4,36,2.45) (5,60,2.27) (6,30,1.76) 
43822:(3,6,1.82) (4,64,2.83) (5,180,2.83) (6,120,2.22) 
43823:(4,60,2.78) (5,80,2.40) (6,30,1.76) 
43824:(4,36,2.45) 
43825:(4,24,2.21) (5,60,2.27) 
43826:(4,24,2.21) (5,20,1.82) 
43831:(4,4,1.41) 
43916:(4,24,2.21) (5,20,1.82) 
43917:(3,6,1.82) (4,16,2.00) (5,30,1.97) (6,30,1.76) (7,7,1.32) 
43918:(4,48,2.63) (5,150,2.72) 
43920:(3,3,1.44) (4,48,2.63) (5,210,2.91) 
43921:(4,60,2.78) (5,140,2.69) 
43922:(4,48,2.63) 
43923:(3,6,1.82) 
43924:(4,48,2.63) (5,240,2.99) 
43925:(4,24,2.21) (5,60,2.27) 
43927:(4,36,2.45) (5,30,1.97) 
43928:(4,24,2.21) (5,70,2.34) 
43929:(4,24,2.21) (5,10,1.58) 
43931:(4,12,1.86) 
44015:(4,24,2.21) 
44016:(3,3,1.44) (4,30,2.34) (5,60,2.27) (6,30,1.76) 
44017:(4,36,2.45) 
44019:(4,60,2.78) 
44020:(4,36,2.45) (5,360,3.25) (6,300,2.59) 
44021:(4,4,1.41) 
44022:(4,48,2.63) 
44023:(3,6,1.82) (4,60,2.78) (5,240,2.99) (6,30,1.76) 
44024:(4,84,3.03) (5,190,2.86) (6,120,2.22) 
44025:(4,48,2.63) (5,80,2.40) (6,30,1.76) 
44026:(3,3,1.44) (4,48,2.63) (5,5,1.38) 
44027:(4,36,2.45) (5,90,2.46) 
44028:(4,24,2.21) (5,20,1.82) 
44029:(3,3,1.44) (4,4,1.41) 
44030:(4,12,1.86) 
44114:(4,24,2.21) 
44115:(3,3,1.44) (4,12,1.86) (5,30,1.97) 
44116:(4,12,1.86) 
44117:(3,6,1.82) 
44118:(4,48,2.63) (5,180,2.83) 
44119:(4,28,2.30) (5,210,2.91) (6,30,1.76) (7,7,1.32) 
44120:(4,124,3.34) (5,180,2.83) (6,126,2.24) (7,35,1.66) 
44121:(3,1,1.00) (4,48,2.63) (5,80,2.40) 
44122:(4,84,3.03) (5,330,3.19) 
44123:(4,120,3.31) (5,250,3.02) (6,60,1.98) 
44124:(3,3,1.44) (4,48,2.63) 
44125:(3,6,1.82) (4,48,2.63) (5,90,2.46) 
44126:(4,60,2.78) (5,230,2.97) 
44127:(4,36,2.45) (5,30,1.97) 
44128:(4,12,1.86) 
44129:(4,28,2.30) 
44214:(4,4,1.41) 
44216:(4,72,2.91) (5,60,2.27) 
44217:(4,24,2.21) (5,60,2.27) (6,60,1.98) 
44218:(4,48,2.63) (5,180,2.83) (6,90,2.12) 
44219:(4,84,3.03) (5,100,2.51) (6,60,1.98) 
44220:(3,3,1.44) (4,108,3.22) (5,30,1.97) 
44221:(4,120,3.31) (5,300,3.13) (6,150,2.31) 
44222:(4,96,3.13) (5,420,3.35) (6,300,2.59) 
44223:(3,6,1.82) (4,108,3.22) (5,140,2.69) (6,36,1.82) 
44224:(4,72,2.91) (5,60,2.27) 
44225:(4,60,2.78) (5,180,2.83) 
44226:(3,3,1.44) (4,72,2.91) (5,20,1.82) 
44228:(4,12,1.86) 
44314:(4,24,2.21) 
44315:(4,24,2.21) 
44316:(3,6,1.82) (4,24,2.21) (5,90,2.46) 
44317:(4,52,2.69) (5,240,2.99) (6,180,2.38) (7,49,1.74) 
44318:(3,6,1.82) (4,108,3.22) (5,190,2.86) 
44319:(4,48,2.63) (5,60,2.27) 
44320:(3,3,1.44) (4,132,3.39) (5,540,3.52) (6,30,1.76) 
44321:(3,6,1.82) (4,132,3.39) (5,200,2.89) 
44322:(4,156,3.53) (5,150,2.72) 
44323:(3,6,1.82) (4,72,2.91) (5,80,2.40) 
44324:(3,3,1.44) (4,48,2.63) (5,210,2.91) 
44325:(4,72,2.91) (5,30,1.97) 
44327:(4,12,1.86) 
44414:(4,4,1.41) 
44415:(4,24,2.21) (5,60,2.27) (6,30,1.76) 
44416:(3,9,2.08) (4,64,2.83) (5,240,2.99) (6,150,2.31) 
44417:(4,96,3.13) (5,40,2.09) 
44418:(4,120,3.31) (5,180,2.83) (6,60,1.98) 
44419:(3,6,1.82) (4,96,3.13) (5,125,2.63) (6,60,1.98) 
44420:(4,84,3.03) (5,330,3.19) (6,300,2.59) 
44421:(4,84,3.03) (5,60,2.27) 
44422:(3,6,1.82) (4,24,2.21) 
44423:(4,108,3.22) (5,180,2.83) 
44424:(4,72,2.91) 
44426:(4,12,1.86) 
44427:(4,12,1.86) 
44428:(4,4,1.41) 
44513:(4,12,1.86) (5,20,1.82) (6,6,1.35) 
44514:(4,48,2.63) (5,60,2.27) 
44515:(4,24,2.21) (5,90,2.46) 
44516:(4,144,3.46) (5,60,2.27) 
44517:(3,6,1.82) (4,48,2.63) (5,65,2.30) 
44518:(3,12,2.29) (4,84,3.03) (5,250,3.02) 
44519:(4,144,3.46) (5,300,3.13) 
44520:(4,156,3.53) (5,210,2.91) 
44521:(3,6,1.82) (4,72,2.91) (5,100,2.51) 
44522:(4,36,2.45) (5,125,2.63) 
44523:(4,84,3.03) (5,70,2.34) 
44524:(4,24,2.21) (5,60,2.27) 
44525:(4,12,1.86) 
44526:(4,24,2.21) 
44527:(4,24,2.21) 
44612:(4,24,2.21) (5,20,1.82) 
44613:(4,12,1.86) 
44614:(4,16,2.00) 
44615:(4,36,2.45) (5,60,2.27) (6,30,1.76) 
44616:(3,6,1.82) (4,96,3.13) (5,120,2.61) 
44617:(4,48,2.63) (5,100,2.51) (6,120,2.22) 
44618:(4,96,3.13) 
44619:(3,6,1.82) (4,120,3.31) (5,80,2.40) (6,30,1.76) 
44620:(4,36,2.45) (5,20,1.82) 
44621:(4,60,2.78) 
44622:(4,96,3.13) (5,20,1.82) 
44623:(3,6,1.82) 
44624:(4,12,1.86) 
44625:(4,48,2.63) 
44626:(4,36,2.45) 
44711:(4,12,1.86) 
44714:(4,72,2.91) (5,60,2.27) 
44715:(4,24,2.21) (5,20,1.82) 
44716:(3,6,1.82) (4,48,2.63) (5,110,2.56) 
44717:(3,6,1.82) (4,40,2.51) (5,20,1.82) 
44718:(4,108,3.22) (5,240,2.99) 
44719:(3,12,2.29) (4,24,2.21) (5,5,1.38) 
44720:(4,24,2.21) (5,70,2.34) 
44721:(4,120,3.31) (5,120,2.61) 
44722:(3,6,1.82) (4,96,3.13) (5,145,2.71) 
44723:(4,24,2.21) (5,20,1.82) 
44724:(4,24,2.21) (5,20,1.82) 
44725:(3,6,1.82) (4,28,2.30) 
44812:(3,3,1.44) (4,12,1.86) 
44813:(4,24,2.21) (5,30,1.97) 
44814:(4,12,1.86) 
44815:(3,3,1.44) (4,12,1.86) 
44816:(3,3,1.44) (4,60,2.78) (5,20,1.82) (6,6,1.35) 
44817:(4,48,2.63) 
44818:(3,6,1.82) (4,18,2.06) 
44819:(4,72,2.91) 
44820:(3,6,1.82) (4,72,2.91) 
44821:(3,6,1.82) (4,60,2.78) 
44822:(4,24,2.21) 
44823:(4,60,2.78) 
44824:(4,36,2.45) 
44828:(4,12,1.86) 
44910:(3,3,1.44) 
44912:(4,12,1.86) 
44914:(4,48,2.63) 
44915:(4,24,2.21) (5,40,2.09) 
44916:(4,12,1.86) 
44917:(4,24,2.21) (5,25,1.90) 
44918:(4,12,1.86) 
44919:(4,108,3.22) (5,240,2.99) 
44920:(4,48,2.63) (5,180,2.83) 
44922:(4,60,2.78) (5,40,2.09) 
44923:(4,24,2.21) 
44924:(4,36,2.45) (5,90,2.46) 
44925:(4,24,2.21) (5,20,1.82) 
44926:(3,3,1.44) (5,60,2.27) 
44927:(4,36,2.45) 
45014:(4,16,2.00) 
45016:(4,36,2.45) 
45017:(4,60,2.78) 
45018:(4,72,2.91) 
45019:(3,6,1.82) (4,48,2.63) 
45020:(3,6,1.82) (4,72,2.91) (5,120,2.61) (6,60,1.98) 
45021:(4,24,2.21) 
45022:(4,34,2.41) (5,90,2.46) (6,90,2.12) 
45023:(4,72,2.91) (5,60,2.27) 
45024:(3,3,1.44) 
45025:(4,24,2.21) (5,60,2.27) 
45026:(4,36,2.45) 
45028:(4,6,1.57) 
45110:(3,3,1.44) 
45115:(3,6,1.82) (4,48,2.63) 
45116:(4,36,2.45) (5,30,1.97) 
45118:(3,6,1.82) (4,52,2.69) (5,60,2.27) 
45119:(4,24,2.21) (5,60,2.27) 
45120:(3,6,1.82) (4,36,2.45) (5,60,2.27) 
45121:(4,48,2.63) (5,90,2.46) 
45122:(4,84,3.03) (5,180,2.83) 
45123:(3,6,1.82) (4,60,2.78) (5,80,2.40) 
45124:(5,120,2.61) 
45125:(4,36,2.45) 
45127:(4,12,1.86) (5,60,2.27) 
45128:(5,80,2.40) 
45129:(4,12,1.86) 
45130:(4,12,1.86) 
45213:(3,6,1.82) 
45215:(4,12,1.86) 
45216:(4,12,1.86) 
45217:(4,96,3.13) (5,60,2.27) (6,30,1.76) 
45218:(3,6,1.82) (4,30,2.34) 
45219:(4,12,1.86) (5,60,2.27) (6,60,1.98) 
45220:(4,48,2.63) 
45221:(4,60,2.78) 
45222:(4,48,2.63) 
45223:(4,24,2.21) (5,180,2.83) (6,120,2.22) 
45224:(4,24,2.21) (5,180,2.83) (6,180,2.38) 
45225:(4,36,2.45) (5,60,2.27) (6,6,1.35) 
45226:(4,24,2.21) (5,60,2.27) 
45227:(4,24,2.21) (5,120,2.61) 
45228:(4,24,2.21) 
45230:(4,12,1.86) 
45232:(4,1,1.00) 
45316:(4,24,2.21) (5,60,2.27) 
45318:(4,72,2.91) (5,120,2.61) 
45319:(3,6,1.82) (4,12,1.86) (5,120,2.61) (6,150,2.31) (7,42,1.71) 
45320:(4,60,2.78) (5,240,2.99) 
45321:(4,48,2.63) (5,60,2.27) 
45322:(4,60,2.78) (5,390,3.30) (6,30,1.76) 
45323:(4,84,3.03) (5,60,2.27) 
45324:(4,24,2.21) 
45325:(4,48,2.63) (5,120,2.61) 
45326:(4,24,2.21) (5,180,2.83) 
45327:(4,24,2.21) 
45328:(4,4,1.41) (5,10,1.58) 
45329:(4,12,1.86) (5,60,2.27) 
45330:(4,12,1.86) (5,35,2.04) 
45331:(4,4,1.41) 
45332:(4,12,1.86) 
45413:(3,6,1.82) 
45415:(4,12,1.86) 
45416:(4,24,2.21) 
45417:(3,3,1.44) (4,36,2.45) (5,60,2.27) (6,30,1.76) 
45418:(3,9,2.08) (4,96,3.13) (5,180,2.83) (6,120,2.22) 
45419:(4,60,2.78) (5,20,1.82) 
45420:(4,60,2.78) 
45421:(3,3,1.44) (4,28,2.30) (5,180,2.83) (6,120,2.22) 
45422:(4,36,2.45) (5,300,3.13) (6,300,2.59) 
45423:(4,24,2.21) 
45424:(4,30,2.34) (5,30,1.97) (6,15,1.57) 
45425:(4,72,2.91) (5,360,3.25) (6,120,2.22) 
45426:(4,54,2.71) (5,170,2.79) (6,120,2.22) 
45427:(4,40,2.51) (5,60,2.27) (6,6,1.35) 
45428:(4,42,2.55) (5,60,2.27) 
45429:(4,36,2.45) (5,80,2.40) 
45430:(4,24,2.21) 
45432:(4,6,1.57) 
45516:(3,3,1.44) (4,72,2.91) (5,60,2.27) 
45517:(4,12,1.86) (5,80,2.40) 
45518:(4,36,2.45) 
45519:(4,24,2.21) (5,30,1.97) 
45520:(4,40,2.51) (5,330,3.19) (6,30,1.76) (7,7,1.32) 
45521:(4,72,2.91) (5,270,3.06) (6,150,2.31) (7,42,1.71) 
45522:(4,100,3.16) (5,250,3.02) (6,120,2.22) (7,35,1.66) 
45523:(4,84,3.03) (5,270,3.06) 
45524:(4,72,2.91) (5,440,3.38) (6,30,1.76) 
45525:(4,144,3.46) (5,130,2.65) (6,60,1.98) 
45526:(3,6,1.82) (4,12,1.86) 
45527:(4,48,2.63) (5,150,2.72) 
45528:(4,36,2.45) (5,130,2.65) 
45529:(4,12,1.86) 
45530:(4,12,1.86) 
45531:(4,4,1.41) 
45615:(4,12,1.86) 
45616:(4,13,1.90) (5,10,1.58) (6,15,1.57) (7,7,1.32) (8,1,1.00) 
45617:(4,12,1.86) (5,60,2.27) (6,30,1.76) 
45618:(4,90,3.08) (5,60,2.27) 
45619:(4,24,2.21) (5,360,3.25) (6,360,2.67) 
45620:(4,120,3.31) (5,280,3.09) (6,180,2.38) 
45621:(4,120,3.31) (5,100,2.51) (6,30,1.76) 
45622:(3,12,2.29) (4,84,3.03) (5,80,2.40) 
45623:(4,96,3.13) (5,540,3.52) (6,360,2.67) 
45624:(4,60,2.78) (5,320,3.17) (6,300,2.59) 
45625:(4,60,2.78) (5,80,2.40) (6,6,1.35) 
45626:(4,60,2.78) (5,180,2.83) 
45627:(4,60,2.78) (5,180,2.83) 
45628:(4,24,2.21) 
45629:(4,12,1.86) 
45630:(4,12,1.86) 
45712:(3,3,1.44) 
45715:(4,4,1.41) (5,30,1.97) (6,30,1.76) (7,7,1.32) 
45716:(3,3,1.44) (4,48,2.63) (5,60,2.27) 
45717:(5,60,2.27) 
45718:(4,48,2.63) (5,300,3.13) 
45719:(4,96,3.13) (5,380,3.28) (6,450,2.77) (7,147,2.04) 
45720:(3,3,1.44) (4,96,3.13) (5,180,2.83) 
45721:(3,6,1.82) (4,60,2.78) (5,200,2.89) 
45722:(4,96,3.13) (5,740,3.75) (6,150,2.31) 
45723:(4,180,3.66) (5,180,2.83) 
45724:(4,112,3.25) (5,130,2.65) 
45725:(4,84,3.03) (5,210,2.91) 
45726:(4,24,2.21) (5,120,2.61) 
45727:(4,24,2.21) 
45814:(4,6,1.57) (5,30,1.97) (6,15,1.57) 
45815:(4,36,2.45) (5,60,2.27) 
45816:(4,4,1.41) 
45817:(4,52,2.69) (5,240,2.99) (6,150,2.31) 
45818:(4,60,2.78) (5,360,3.25) (6,300,2.59) 
45819:(4,204,3.78) (5,200,2.89) (6,30,1.76) 
45820:(4,144,3.46) (5,280,3.09) (6,120,2.22) 
45821:(4,72,2.91) (5,420,3.35) (6,300,2.59) 
45822:(4,150,3.50) (5,270,3.06) (6,225,2.47) 
45823:(4,48,2.63) (5,60,2.27) 
45824:(4,24,2.21) (5,60,2.27) 
45825:(4,72,2.91) (5,120,2.61) 
45826:(4,12,1.86) 
45828:(4,6,1.57) 
45829:(4,12,1.86) 
45913:(4,4,1.41) (5,10,1.58) 
45914:(4,24,2.21) 
45915:(4,48,2.63) (5,110,2.56) (6,30,1.76) 
45916:(4,72,2.91) (5,210,2.91) (6,60,1.98) (7,21,1.54) 
45917:(4,60,2.78) (5,150,2.72) 
45918:(4,180,3.66) (5,140,2.69) 
45919:(3,9,2.08) (4,48,2.63) (5,160,2.76) 
45920:(4,72,2.91) (5,330,3.19) 
45921:(4,204,3.78) (5,450,3.39) 
45922:(4,60,2.78) (5,240,2.99) 
45923:(4,48,2.63) (5,130,2.65) 
45924:(4,72,2.91) (5,85,2.43) 
45925:(4,76,2.95) (5,90,2.46) 
45926:(4,24,2.21) (5,20,1.82) 
45927:(3,3,1.44) 
45928:(4,24,2.21) 
46012:(4,1,1.00) 
46013:(4,24,2.21) (5,20,1.82) 
46014:(4,60,2.78) (5,60,2.27) 
46015:(3,12,2.29) (4,24,2.21) (5,60,2.27) (6,60,1.98) 
46016:(4,12,1.86) 
46017:(4,96,3.13) (5,300,3.13) (6,150,2.31) 
46018:(4,78,2.97) (5,80,2.40) 
46019:(4,84,3.03) (5,200,2.89) (6,300,2.59) 
46020:(3,3,1.44) (4,108,3.22) (5,60,2.27) 
46021:(4,60,2.78) (5,120,2.61) (6,60,1.98) 
46022:(4,42,2.55) (5,80,2.40) 
46023:(4,48,2.63) 
46024:(4,60,2.78) (5,60,2.27) 
46026:(4,24,2.21) 
46027:(4,52,2.69) 
46112:(4,24,2.21) 
46113:(4,12,1.86) 
46114:(3,6,1.82) (5,30,1.97) 
46115:(4,24,2.21) (5,60,2.27) 
46116:(4,96,3.13) (5,180,2.83) 
46117:(4,72,2.91) (5,80,2.40) 
46118:(4,60,2.78) (5,210,2.91) 
46119:(4,108,3.22) (5,120,2.61) 
46120:(4,60,2.78) (5,185,2.84) 
46121:(3,6,1.82) (4,36,2.45) (5,20,1.82) 
46122:(4,96,3.13) (5,145,2.71) 
46123:(4,132,3.39) (5,300,3.13) 
46124:(3,6,1.82) (4,84,3.03) (5,140,2.69) 
46125:(4,48,2.63) (5,20,1.82) 
46126:(4,48,2.63) (5,20,1.82) 
46127:(4,24,2.21) 
46213:(4,24,2.21) (5,20,1.82) 
46214:(4,30,2.34) 
46215:(4,48,2.63) (5,120,2.61) 
46216:(4,12,1.86) (5,5,1.38) (6,15,1.57) 
46217:(4,36,2.45) 
46218:(4,108,3.22) (5,140,2.69) (6,60,1.98) 
46219:(3,6,1.82) (4,72,2.91) (5,60,2.27) (6,30,1.76) 
46220:(4,60,2.78) 
46221:(4,132,3.39) (5,40,2.09) (6,20,1.65) 
46222:(3,6,1.82) (4,72,2.91) 
46223:(4,36,2.45) 
46224:(4,24,2.21) 
46225:(4,24,2.21) 
46229:(4,12,1.86) 
46312:(4,24,2.21) 
46313:(4,12,1.86) 
46314:(4,24,2.21) 
46315:(4,12,1.86) (5,35,2.04) 
46316:(4,48,2.63) (5,20,1.82) 
46317:(4,72,2.91) (5,200,2.89) 
46318:(3,9,2.08) (4,40,2.51) (5,60,2.27) 
46319:(4,72,2.91) (5,70,2.34) 
46320:(3,6,1.82) (4,48,2.63) (5,80,2.40) 
46321:(4,84,3.03) (5,260,3.04) 
46322:(4,48,2.63) (5,180,2.83) 
46324:(4,48,2.63) (5,20,1.82) 
46325:(4,48,2.63) (5,60,2.27) 
46326:(4,36,2.45) (5,80,2.40) 
46327:(4,24,2.21) (5,60,2.27) 
46328:(4,12,1.86) (5,30,1.97) 
46329:(4,12,1.86) 
46411:(4,12,1.86) 
46414:(4,12,1.86) 
46415:(4,24,2.21) 
46416:(4,28,2.30) 
46417:(3,6,1.82) (4,36,2.45) 
46418:(4,30,2.34) 
46419:(3,6,1.82) (4,72,2.91) 
46420:(4,84,3.03) 
46421:(4,60,2.78) (5,60,2.27) (6,30,1.76) 
46422:(4,84,3.03) (5,100,2.51) (6,60,1.98) 
46423:(4,12,1.86) (5,60,2.27) (6,60,1.98) 
46424:(4,60,2.78) (5,60,2.27) (6,60,1.98) 
46425:(4,36,2.45) (5,60,2.27) 
46427:(4,12,1.86) (5,30,1.97) 
46428:(4,12,1.86) 
46513:(4,12,1.86) 
46516:(4,24,2.21) (5,20,1.82) 
46517:(4,60,2.78) 
46518:(4,60,2.78) (5,140,2.69) 
46519:(5,60,2.27) 
46520:(4,60,2.78) (5,130,2.65) 
46521:(4,36,2.45) (5,30,1.97) 
46522:(4,12,1.86) (5,90,2.46) 
46523:(4,84,3.03) (5,180,2.83) 
46524:(4,24,2.21) (5,180,2.83) 
46525:(4,24,2.21) (5,120,2.61) 
46526:(4,24,2.21) (5,60,2.27) 
46527:(4,24,2.21) 
46529:(5,90,2.46) 
46530:(4,24,2.21) (5,20,1.82) 
46615:(4,24,2.21) 
46616:(4,12,1.86) 
46617:(4,36,2.45) 
46618:(4,12,1.86) 
46619:(4,108,3.22) (5,240,2.99) (6,150,2.31) 
46620:(4,24,2.21) 
46621:(4,28,2.30) (5,180,2.83) (6,240,2.49) 
46622:(4,96,3.13) (5,60,2.27) 
46623:(3,6,1.82) (4,12,1.86) 
46624:(4,12,1.86) (5,60,2.27) 
46625:(4,12,1.86) (5,240,2.99) (6,240,2.49) 
46626:(4,24,2.21) (5,120,2.61) (6,120,2.22) 
46627:(4,12,1.86) (5,20,1.82) 
46628:(4,24,2.21) (5,120,2.61) 
46629:(5,60,2.27) 
46631:(4,12,1.86) 
46713:(3,3,1.44) 
46714:(4,24,2.21) 
46717:(4,24,2.21) (5,60,2.27) 
46718:(4,48,2.63) (5,180,2.83) 
46719:(4,48,2.63) (5,60,2.27) 
46720:(4,48,2.63) (5,180,2.83) 
46721:(4,60,2.78) (5,240,2.99) (6,300,2.59) (7,105,1.94) 
46722:(4,24,2.21) (5,150,2.72) 
46723:(4,48,2.63) (5,150,2.72) 
46724:(4,24,2.21) (5,390,3.30) (6,120,2.22) 
46725:(4,60,2.78) 
46726:(4,24,2.21) (5,60,2.27) 
46727:(4,12,1.86) (5,270,3.06) 
46728:(4,24,2.21) (5,60,2.27) 
46730:(4,4,1.41) (5,20,1.82) 
46731:(5,50,2.19) 
46732:(4,12,1.86) (5,5,1.38) 
46733:(4,4,1.41) 
46815:(4,24,2.21) (5,20,1.82) 
46816:(4,36,2.45) 
46817:(4,24,2.21) (5,30,1.97) 
46818:(4,24,2.21) 
46819:(4,24,2.21) (5,180,2.83) (6,120,2.22) 
46820:(4,88,3.06) (5,180,2.83) (6,180,2.38) 
46821:(4,132,3.39) (5,60,2.27) 
46822:(4,54,2.71) (5,180,2.83) (6,120,2.22) 
46823:(4,24,2.21) (5,480,3.44) (6,480,2.80) 
46824:(4,72,2.91) (5,240,2.99) (6,150,2.31) 
46825:(4,24,2.21) 
46826:(4,24,2.21) (5,210,2.91) (6,60,1.98) 
46827:(4,36,2.45) (5,260,3.04) (6,200,2.42) 
46828:(4,40,2.51) (5,120,2.61) (6,66,2.01) 
46829:(4,24,2.21) (5,50,2.19) 
46830:(3,1,1.00) (4,24,2.21) (5,120,2.61) 
46831:(4,24,2.21) (5,30,1.97) 
46833:(4,12,1.86) 
46914:(4,24,2.21) 
46916:(4,12,1.86) 
46917:(4,36,2.45) (5,90,2.46) 
46918:(4,48,2.63) (5,180,2.83) (6,120,2.22) (7,42,1.71) 
46919:(4,24,2.21) (5,170,2.79) 
46920:(4,24,2.21) 
46921:(3,3,1.44) (4,72,2.91) (5,330,3.19) 
46922:(4,36,2.45) (5,420,3.35) (6,150,2.31) (7,42,1.71) 
46923:(4,120,3.31) (5,360,3.25) (6,300,2.59) (7,105,1.94) 
46924:(4,72,2.91) (5,220,2.94) (6,96,2.14) (7,21,1.54) 
46925:(4,48,2.63) (5,450,3.39) (6,30,1.76) 
46926:(4,96,3.13) (5,350,3.23) (6,120,2.22) 
46927:(4,84,3.03) (5,80,2.40) (6,30,1.76) 
46928:(4,36,2.45) (5,60,2.27) 
46929:(4,24,2.21) (5,180,2.83) 
46930:(4,36,2.45) (5,30,1.97) 
47016:(3,6,1.82) (4,36,2.45) 
47017:(4,12,1.86) (5,120,2.61) (6,120,2.22) 
47018:(4,16,2.00) (5,50,2.19) (6,90,2.12) (7,49,1.74) (8,8,1.30) 
47019:(4,72,2.91) (5,240,2.99) (6,120,2.22) 
47020:(4,72,2.91) (5,80,2.40) (6,30,1.76) 
47021:(3,6,1.82) (4,88,3.06) (5,750,3.76) (6,870,3.09) (7,7,1.32) 
47022:(4,132,3.39) (5,340,3.21) (6,210,2.44) 
47023:(4,144,3.46) (5,120,2.61) (6,6,1.35) 
47024:(3,6,1.82) (4,96,3.13) (5,425,3.35) (6,120,2.22) 
47025:(4,84,3.03) (5,620,3.62) (6,540,2.85) 
47026:(4,96,3.13) (5,240,2.99) (6,150,2.31) 
47027:(3,6,1.82) (4,24,2.21) (5,20,1.82) 
47028:(4,52,2.69) (5,240,2.99) 
47029:(4,24,2.21) (5,60,2.27) 
47031:(4,12,1.86) 
47115:(4,12,1.86) 
47116:(4,4,1.41) (5,90,2.46) (6,30,1.76) (7,7,1.32) 
47117:(4,36,2.45) (5,180,2.83) (6,150,2.31) (7,42,1.71) 
47118:(4,84,3.03) (5,160,2.76) (6,6,1.35) 
47119:(4,60,2.78) (5,270,3.06) 
47120:(4,72,2.91) (5,520,3.49) (6,150,2.31) (7,42,1.71) 
47121:(4,172,3.62) (5,510,3.48) (6,630,2.93) (7,245,2.19) 
47122:(3,6,1.82) (4,48,2.63) (5,80,2.40) 
47123:(3,3,1.44) (4,60,2.78) (5,420,3.35) 
47124:(4,120,3.31) (5,710,3.72) (6,300,2.59) 
47125:(4,120,3.31) (5,240,2.99) 
47126:(4,72,2.91) (5,120,2.61) 
47127:(4,24,2.21) (5,280,3.09) 
47128:(4,60,2.78) (5,30,1.97) 
47130:(4,4,1.41) 
47215:(4,12,1.86) (5,60,2.27) (6,30,1.76) 
47216:(4,36,2.45) (5,90,2.46) (6,60,1.98) 
47217:(4,96,3.13) (5,200,2.89) 
47218:(4,24,2.21) (5,20,1.82) (6,60,1.98) 
47219:(4,84,3.03) (5,510,3.48) (6,420,2.74) 
47220:(4,84,3.03) (5,420,3.35) (6,360,2.67) 
47221:(4,216,3.83) (5,390,3.30) (6,120,2.22) 
47222:(4,132,3.39) (5,520,3.49) (6,330,2.63) 
47223:(3,3,1.44) (4,108,3.22) (5,540,3.52) (6,600,2.90) 
47224:(4,132,3.39) (5,270,3.06) (6,90,2.12) 
47225:(4,36,2.45) (5,80,2.40) 
47226:(4,42,2.55) (5,180,2.83) 
47227:(4,24,2.21) (5,30,1.97) 
47230:(4,12,1.86) 
47314:(4,12,1.86) (5,30,1.97) 
47315:(4,28,2.30) (5,20,1.82) 
47316:(4,40,2.51) (5,30,1.97) (6,30,1.76) (7,7,1.32) 
47317:(4,72,2.91) (5,260,3.04) (6,60,1.98) 
47318:(4,28,2.30) (5,390,3.30) (6,360,2.67) (7,147,2.04) 
47319:(3,3,1.44) (4,156,3.53) (5,390,3.30) 
47320:(4,144,3.46) (5,260,3.04) 
47321:(3,3,1.44) (4,72,2.91) (5,450,3.39) (6,60,1.98) 
47322:(3,6,1.82) (4,84,3.03) (5,300,3.13) 
47323:(4,168,3.60) (5,440,3.38) 
47324:(4,24,2.21) (5,110,2.56) 
47325:(4,12,1.86) (5,110,2.56) 
47326:(4,72,2.91) (5,80,2.40) 
47327:(4,36,2.45) (5,80,2.40) 
47328:(4,24,2.21) 
47330:(4,12,1.86) 
47413:(4,16,2.00) 
47415:(4,64,2.83) (5,120,2.61) (6,30,1.76) 
47416:(4,48,2.63) (5,120,2.61) (6,60,1.98) 
47417:(3,6,1.82) (4,24,2.21) (5,240,2.99) (6,300,2.59) 
47418:(4,120,3.31) (5,90,2.46) 
47419:(4,108,3.22) (5,540,3.52) (6,300,2.59) 
47420:(3,6,1.82) (4,60,2.78) (5,100,2.51) (6,60,1.98) 
47421:(4,72,2.91) (5,220,2.94) (6,400,2.71) 
47422:(4,84,3.03) (5,240,2.99) (6,30,1.76) 
47423:(4,84,3.03) (5,100,2.51) (6,60,1.98) 
47424:(4,36,2.45) (5,120,2.61) 
47425:(4,48,2.63) 
47426:(4,24,2.21) (5,60,2.27) 
47428:(4,24,2.21) 
47429:(4,12,1.86) 
47513:(4,12,1.86) 
47514:(4,48,2.63) (5,90,2.46) (6,30,1.76) 
47515:(3,6,1.82) (4,24,2.21) (5,60,2.27) 
47516:(5,90,2.46) 
47517:(4,108,3.22) (5,180,2.83) 
47518:(4,48,2.63) (5,180,2.83) 
47519:(4,120,3.31) (5,200,2.89) 
47520:(4,84,3.03) (5,390,3.30) 
47521:(4,96,3.13) (5,360,3.25) 
47522:(4,48,2.63) (5,70,2.34) 
47523:(4,36,2.45) (5,35,2.04) 
47524:(4,108,3.22) (5,275,3.08) 
47525:(4,72,2.91) (5,320,3.17) 
47526:(3,3,1.44) (4,24,2.21) (5,60,2.27) 
47527:(4,48,2.63) (5,20,1.82) 
47528:(4,48,2.63) 
47613:(4,28,2.30) (5,60,2.27) 
47615:(4,72,2.91) (5,60,2.27) 
47616:(3,3,1.44) (4,24,2.21) (5,60,2.27) (6,60,1.98) 
47617:(4,36,2.45) (5,180,2.83) 
47618:(4,72,2.91) (5,25,1.90) (6,90,2.12) 
47619:(4,36,2.45) 
47620:(4,120,3.31) (5,360,3.25) (6,210,2.44) 
47621:(4,60,2.78) (5,185,2.84) (6,120,2.22) 
47622:(4,54,2.71) 
47623:(4,156,3.53) (5,160,2.76) (6,60,1.98) 
47624:(4,24,2.21) (5,60,2.27) 
47625:(4,24,2.21) 
47626:(4,36,2.45) (5,20,1.82) 
47630:(4,4,1.41) 
47712:(4,12,1.86) 
47713:(4,24,2.21) 
47714:(4,24,2.21) 
47715:(3,6,1.82) (4,24,2.21) (5,60,2.27) 
47716:(4,36,2.45) (5,5,1.38) 
47717:(4,48,2.63) (5,110,2.56) 
47718:(4,72,2.91) (5,120,2.61) 
47719:(4,96,3.13) (5,420,3.35) 
47720:(3,6,1.82) (4,108,3.22) (5,120,2.61) 
47721:(4,120,3.31) (5,150,2.72) 
47722:(4,96,3.13) (5,260,3.04) 
47723:(3,6,1.82) (4,100,3.16) (5,260,3.04) 
47724:(4,48,2.63) (5,60,2.27) 
47725:(4,24,2.21) (5,20,1.82) 
47726:(4,24,2.21) (5,30,1.97) 
47727:(4,24,2.21) (5,120,2.61) 
47728:(4,24,2.21) (5,60,2.27) 
47729:(5,60,2.27) 
47730:(4,24,2.21) 
47813:(4,24,2.21) 
47814:(5,20,1.82) 
47815:(4,12,1.86) 
47816:(4,48,2.63) (5,20,1.82) 
47817:(4,60,2.78) (5,60,2.27) (6,30,1.76) 
47818:(3,6,1.82) (4,60,2.78) 
47819:(4,24,2.21) 
47820:(4,48,2.63) 
47821:(4,48,2.63) 
47822:(4,96,3.13) (5,60,2.27) (6,30,1.76) 
47823:(4,84,3.03) (5,180,2.83) (6,120,2.22) 
47824:(4,60,2.78) (5,140,2.69) (6,90,2.12) 
47825:(4,36,2.45) (5,120,2.61) (6,180,2.38) 
47826:(4,48,2.63) (5,120,2.61) (6,15,1.57) 
47827:(4,24,2.21) (5,20,1.82) 
47828:(5,60,2.27) 
47829:(4,12,1.86) 
47913:(4,12,1.86) 
47915:(4,48,2.63) 
47916:(4,24,2.21) (5,65,2.30) 
47918:(4,100,3.16) (5,150,2.72) (6,30,1.76) (7,7,1.32) 
47919:(3,6,1.82) (4,48,2.63) (5,60,2.27) 
47920:(4,36,2.45) (5,290,3.11) (6,60,1.98) (7,21,1.54) 
47921:(4,72,2.91) (5,320,3.17) 
47922:(4,72,2.91) (5,170,2.79) 
47923:(4,72,2.91) (5,140,2.69) 
47924:(3,6,1.82) (4,12,1.86) (5,60,2.27) 
47925:(4,72,2.91) (5,240,2.99) 
47926:(4,24,2.21) (5,60,2.27) 
47927:(5,90,2.46) 
47928:(4,24,2.21) 
47930:(5,60,2.27) 
47931:(4,12,1.86) (5,60,2.27) 
48009:(3,1,1.00) 
48015:(4,16,2.00) 
48016:(4,24,2.21) 
48017:(4,60,2.78) (5,60,2.27) (6,30,1.76) 
48018:(3,6,1.82) (4,48,2.63) 
48019:(4,36,2.45) (5,60,2.27) (6,60,1.98) 
48020:(4,72,2.91) 
48021:(4,60,2.78) (5,360,3.25) (6,300,2.59) 
48022:(3,3,1.44) 
48023:(4,48,2.63) (5,180,2.83) (6,360,2.67) 
48024:(4,84,3.03) (5,180,2.83) 
48025:(4,48,2.63) 
48026:(5,240,2.99) (6,120,2.22) 
48027:(4,36,2.45) (5,240,2.99) (6,300,2.59) 
48028:(4,24,2.21) (5,120,2.61) (6,30,1.76) 
48029:(4,12,1.86) 
48030:(5,120,2.61) 
48031:(4,24,2.21) 
48116:(4,72,2.91) (5,30,1.97) 
48117:(4,24,2.21) (5,20,1.82) 
48118:(5,30,1.97) 
48119:(4,72,2.91) (5,200,2.89) 
48120:(4,24,2.21) (5,180,2.83) 
48121:(4,96,3.13) (5,180,2.83) 
48122:(4,48,2.63) (5,200,2.89) (6,120,2.22) (7,42,1.71) 
48123:(4,52,2.69) (5,420,3.35) (6,330,2.63) (7,140,2.03) 
48124:(4,36,2.45) (5,60,2.27) 
48125:(5,300,3.13) 
48126:(4,60,2.78) (5,240,2.99) (6,180,2.38) 
48127:(4,12,1.86) 
48128:(5,120,2.61) 
48129:(4,12,1.86) (5,200,2.89) 
48132:(4,4,1.41) (5,40,2.09) 
48133:(4,12,1.86) (5,20,1.82) 
48215:(4,4,1.41) 
48216:(4,12,1.86) 
48217:(4,60,2.78) (5,60,2.27) 
48218:(4,72,2.91) (5,60,2.27) (6,60,1.98) 
48219:(4,12,1.86) (5,60,2.27) 
48220:(4,60,2.78) (5,30,1.97) (6,90,2.12) 
48221:(4,24,2.21) (5,300,3.13) (6,300,2.59) 
48222:(3,3,1.44) (4,76,2.95) (5,120,2.61) (6,120,2.22) 
48223:(4,72,2.91) (5,60,2.27) 
48224:(4,24,2.21) (5,480,3.44) (6,480,2.80) 
48225:(5,420,3.35) (6,720,2.99) 
48226:(4,48,2.63) (5,180,2.83) (6,30,1.76) 
48227:(4,24,2.21) (5,120,2.61) 
48228:(4,6,1.57) (5,390,3.30) (6,150,2.31) 
48229:(4,48,2.63) (5,160,2.76) (6,180,2.38) 
48230:(4,24,2.21) (5,80,2.40) (6,15,1.57) 
48231:(4,24,2.21) (5,60,2.27) 
48232:(5,80,2.40) 
48233:(4,12,1.86) 
48234:(4,6,1.57) 
48312:(3,3,1.44) 
48315:(4,24,2.21) 
48316:(4,24,2.21) 
48317:(3,6,1.82) (4,12,1.86) (5,60,2.27) 
48319:(4,84,3.03) (5,270,3.06) 
48320:(5,360,3.25) (6,600,2.90) (7,252,2.20) 
48321:(4,36,2.45) (5,240,2.99) 
48322:(4,36,2.45) (5,120,2.61) 
48323:(4,24,2.21) (5,690,3.70) (6,120,2.22) 
48324:(4,72,2.91) (5,330,3.19) (6,360,2.67) (7,126,2.00) 
48325:(4,40,2.51) (5,330,3.19) (6,330,2.63) (7,140,2.03) 
48326:(4,84,3.03) (5,210,2.91) (6,66,2.01) (7,7,1.32) 
48327:(4,24,2.21) (5,470,3.42) (6,120,2.22) 
48328:(4,60,2.78) (5,200,2.89) (6,180,2.38) 
48329:(4,40,2.51) (5,80,2.40) (6,6,1.35) 
48330:(4,12,1.86) (5,150,2.72) 
48331:(4,24,2.21) (5,125,2.63) 
48332:(4,12,1.86) 
48334:(4,4,1.41) 
48417:(4,28,2.30) 
48418:(4,24,2.21) (5,120,2.61) (6,120,2.22) 
48419:(4,36,2.45) (5,360,3.25) (6,480,2.80) 
48420:(4,78,2.97) (5,220,2.94) (6,225,2.47) (7,147,2.04) (8,28,1.52) 
48421:(4,60,2.78) (5,300,3.13) (6,180,2.38) 
48422:(4,48,2.63) (5,360,3.25) (6,300,2.59) 
48423:(4,36,2.45) (5,840,3.84) (6,1170,3.25) (7,42,1.71) 
48424:(4,198,3.75) (5,360,3.25) (6,126,2.24) 
48425:(4,96,3.13) (5,200,2.89) (6,60,1.98) 
48426:(4,66,2.85) (5,810,3.82) (6,495,2.81) 
48427:(4,108,3.22) (5,480,3.44) (6,510,2.83) 
48428:(4,48,2.63) (5,180,2.83) (6,30,1.76) 
48429:(4,36,2.45) (5,120,2.61) 
48430:(4,24,2.21) (5,180,2.83) 
48431:(4,24,2.21) 
48515:(4,24,2.21) 
48516:(4,12,1.86) (5,60,2.27) (6,30,1.76) 
48517:(4,36,2.45) (5,120,2.61) 
48518:(4,12,1.86) (5,245,3.00) (6,150,2.31) (7,42,1.71) 
48519:(4,108,3.22) (5,300,3.13) (6,300,2.59) (7,105,1.94) 
48520:(4,120,3.31) (5,290,3.11) (6,30,1.76) 
48521:(4,84,3.03) (5,570,3.56) (6,150,2.31) (7,42,1.71) 
48522:(4,96,3.13) (5,840,3.84) (6,720,2.99) (7,252,2.20) 
48523:(4,160,3.56) (5,670,3.67) (6,600,2.90) (7,245,2.19) 
48524:(3,3,1.44) (4,60,2.78) (5,240,2.99) 
48525:(4,48,2.63) (5,631,3.63) (6,120,2.22) 
48526:(4,156,3.53) (5,540,3.52) (6,300,2.59) 
48527:(4,12,1.86) (5,140,2.69) 
48528:(4,12,1.86) (5,120,2.61) 
48529:(4,48,2.63) (5,170,2.79) 
48532:(4,4,1.41) 
48615:(3,3,1.44) (4,24,2.21) (5,60,2.27) 
48616:(4,6,1.57) (5,30,1.97) (6,15,1.57) 
48617:(4,48,2.63) (5,200,2.89) (6,180,2.38) (7,42,1.71) (8,8,1.30) 
48618:(4,54,2.71) (5,230,2.97) (6,210,2.44) 
48619:(4,136,3.41) (5,240,2.99) 
48620:(3,9,2.08) (4,54,2.71) (5,380,3.28) (6,540,2.85) 
48621:(4,72,2.91) (5,720,3.73) (6,780,3.03) 
48622:(4,216,3.83) (5,720,3.73) (6,390,2.70) 
48623:(4,108,3.22) (5,360,3.25) (6,180,2.38) 
48624:(4,114,3.27) (5,750,3.76) (6,696,2.98) 
48625:(4,72,2.91) (5,480,3.44) (6,600,2.90) 
48626:(4,78,2.97) (5,240,2.99) (6,15,1.57) 
48627:(4,60,2.78) (5,180,2.83) 
48628:(5,180,2.83) 
48629:(4,24,2.21) 
48631:(4,4,1.41) 
48714:(4,12,1.86) 
48715:(4,12,1.86) (5,30,1.97) 
48716:(4,12,1.86) (5,120,2.61) (6,120,2.22) (7,42,1.71) 
48717:(4,48,2.63) (5,130,2.65) 
48718:(4,36,2.45) (5,200,2.89) (6,180,2.38) (7,42,1.71) 
48719:(3,3,1.44) (4,96,3.13) (5,490,3.45) (6,60,1.98) 
48720:(4,72,2.91) (5,600,3.59) (6,900,3.11) (7,441,2.39) 
48721:(4,180,3.66) (5,600,3.59) (6,30,1.76) 
48722:(4,120,3.31) (5,300,3.13) 
48723:(4,60,2.78) (5,740,3.75) (6,300,2.59) 
48724:(4,156,3.53) (5,430,3.36) 
48725:(4,96,3.13) (5,310,3.15) 
48726:(4,36,2.45) (5,90,2.46) 
48727:(4,36,2.45) (5,85,2.43) 
48728:(4,24,2.21) (5,120,2.61) 
48729:(4,24,2.21) (5,30,1.97) 
48731:(4,24,2.21) 
48814:(4,6,1.57) 
48815:(4,12,1.86) (5,60,2.27) (6,60,1.98) 
48816:(4,12,1.86) (5,120,2.61) (6,30,1.76) 
48817:(4,88,3.06) (5,300,3.13) (6,120,2.22) 
48818:(4,72,2.91) (5,280,3.09) (6,300,2.59) 
48819:(4,84,3.03) (5,420,3.35) (6,630,2.93) 
48820:(4,168,3.60) (5,480,3.44) (6,120,2.22) 
48821:(4,60,2.78) (5,560,3.55) (6,360,2.67) 
48822:(4,96,3.13) (5,260,3.04) (6,300,2.59) 
48823:(4,48,2.63) (5,240,2.99) (6,330,2.63) 
48824:(4,108,3.22) (5,360,3.25) (6,120,2.22) 
48825:(4,60,2.78) (5,100,2.51) (6,30,1.76) 
48826:(4,36,2.45) (5,80,2.40) 
48827:(4,36,2.45) (5,60,2.27) 
48828:(4,24,2.21) (5,20,1.82) 
48829:(4,12,1.86) 
48914:(5,20,1.82) 
48915:(4,36,2.45) (5,60,2.27) 
48916:(4,60,2.78) (5,330,3.19) (6,150,2.31) 
48917:(4,48,2.63) (5,190,2.86) (6,60,1.98) (7,35,1.66) 
48918:(3,1,1.00) (4,60,2.78) (5,170,2.79) 
48919:(4,136,3.41) (5,390,3.30) (6,30,1.76) (7,7,1.32) 
48920:(4,60,2.78) (5,190,2.86) 
48921:(4,72,2.91) (5,290,3.11) 
48922:(4,108,3.22) (5,680,3.69) 
48923:(4,52,2.69) (5,440,3.38) 
48924:(4,84,3.03) (5,30,1.97) 
48925:(3,6,1.82) (4,48,2.63) (5,85,2.43) 
48926:(4,84,3.03) (5,320,3.17) 
48927:(4,48,2.63) (5,180,2.83) 
48928:(4,24,2.21) 
48929:(4,36,2.45) (5,10,1.58) 
49014:(4,36,2.45) (5,60,2.27) 
49015:(4,48,2.63) (5,180,2.83) 
49016:(4,42,2.55) (5,50,2.19) (6,75,2.05) 
49017:(4,64,2.83) (5,60,2.27) 
49018:(4,36,2.45) (5,360,3.25) (6,330,2.63) 
49019:(4,84,3.03) (5,120,2.61) 
49020:(4,60,2.78) (5,50,2.19) (6,225,2.47) 
49021:(4,48,2.63) (5,120,2.61) (6,30,1.76) 
49022:(4,108,3.22) (5,460,3.41) (6,360,2.67) 
49023:(4,12,1.86) (5,200,2.89) (6,180,2.38) 
49024:(4,60,2.78) 
49025:(4,72,2.91) (5,260,3.04) (6,60,1.98) 
49026:(4,60,2.78) (5,120,2.61) 
49027:(4,12,1.86) 
49028:(4,24,2.21) (5,20,1.82) 
49029:(4,12,1.86) 
49112:(4,12,1.86) (5,10,1.58) 
49113:(4,24,2.21) 
49114:(4,12,1.86) 
49115:(4,36,2.45) (5,40,2.09) 
49116:(5,60,2.27) 
49117:(4,36,2.45) (5,210,2.91) 
49118:(4,84,3.03) (5,20,1.82) 
49119:(4,48,2.63) (5,180,2.83) 
49120:(4,96,3.13) (5,320,3.17) 
49121:(4,72,2.91) (5,400,3.31) 
49122:(4,120,3.31) (5,120,2.61) 
49123:(4,144,3.46) (5,285,3.10) 
49124:(4,72,2.91) (5,480,3.44) 
49125:(4,48,2.63) (5,270,3.06) 
49126:(4,48,2.63) (5,20,1.82) 
49127:(4,24,2.21) (5,20,1.82) 
49128:(4,12,1.86) (5,60,2.27) 
49129:(5,80,2.40) 
49130:(4,12,1.86) (5,30,1.97) 
49131:(4,12,1.86) (5,10,1.58) 
49211:(4,12,1.86) 
49214:(4,30,2.34) (5,60,2.27) 
49215:(4,12,1.86) 
49216:(4,4,1.41) (5,80,2.40) 
49217:(4,12,1.86) (6,6,1.35) 
49218:(4,72,2.91) (5,60,2.27) 
49219:(4,100,3.16) (5,300,3.13) (6,210,2.44) 
49220:(4,24,2.21) (5,120,2.61) (6,120,2.22) 
49221:(4,72,2.91) 
49222:(4,72,2.91) (5,80,2.40) (6,60,1.98) 
49223:(4,12,1.86) 
49224:(4,72,2.91) (5,180,2.83) (6,120,2.22) 
49225:(4,12,1.86) (5,180,2.83) (6,180,2.38) 
49226:(4,36,2.45) (5,180,2.83) (6,186,2.39) 
49227:(4,24,2.21) (5,120,2.61) (6,180,2.38) 
49228:(4,30,2.34) (5,150,2.72) 
49229:(4,24,2.21) (5,60,2.27) 
49230:(5,60,2.27) 
49231:(4,12,1.86) 
49313:(4,24,2.21) 
49315:(4,12,1.86) 
49316:(4,24,2.21) (5,30,1.97) 
49317:(4,60,2.78) (5,60,2.27) 
49318:(3,6,1.82) (4,48,2.63) (5,260,3.04) 
49319:(4,48,2.63) (5,120,2.61) 
49320:(4,132,3.39) (5,360,3.25) (6,150,2.31) (7,42,1.71) 
49321:(4,72,2.91) (5,200,2.89) 
49322:(4,48,2.63) (5,390,3.30) (6,240,2.49) (7,105,1.94) 
49323:(4,108,3.22) (5,500,3.47) (6,30,1.76) 
49324:(4,84,3.03) (5,150,2.72) 
49325:(4,36,2.45) (5,190,2.86) (6,60,1.98) 
49326:(4,60,2.78) (5,120,2.61) 
49327:(4,36,2.45) (5,180,2.83) 
49328:(4,24,2.21) (5,60,2.27) 
49329:(5,30,1.97) 
49331:(5,20,1.82) 
49332:(5,60,2.27) 
49333:(5,5,1.38) 
49412:(4,6,1.57) 
49415:(4,24,2.21) (5,20,1.82) 
49416:(4,24,2.21) 
49417:(4,16,2.00) 
49418:(4,60,2.78) (5,60,2.27) (6,30,1.76) 
49419:(4,72,2.91) (5,180,2.83) (6,120,2.22) 
49420:(4,48,2.63) (5,80,2.40) (6,60,1.98) 
49421:(4,96,3.13) (5,120,2.61) (6,180,2.38) 
49422:(4,84,3.03) (5,210,2.91) (6,120,2.22) 
49423:(4,36,2.45) (5,300,3.13) (6,300,2.59) 
49424:(5,120,2.61) (6,180,2.38) 
49425:(4,36,2.45) (5,120,2.61) (6,240,2.49) 
49426:(4,72,2.91) (5,180,2.83) 
49427:(5,60,2.27) (6,60,1.98) 
49428:(5,300,3.13) (6,360,2.67) 
49429:(4,36,2.45) (5,180,2.83) (6,210,2.44) 
49430:(5,60,2.27) 
49431:(5,120,2.61) 
49432:(4,24,2.21) (5,60,2.27) 
49514:(4,24,2.21) 
49516:(4,24,2.21) 
49517:(4,48,2.63) (5,120,2.61) 
49518:(4,60,2.78) (5,60,2.27) 
49519:(4,48,2.63) (5,145,2.71) 
49520:(5,50,2.19) 
49521:(4,108,3.22) (5,390,3.30) 
49522:(4,72,2.91) (5,180,2.83) 
49523:(4,60,2.78) (5,300,3.13) (6,120,2.22) (7,42,1.71) 
49524:(4,72,2.91) (5,440,3.38) (6,480,2.80) (7,210,2.15) 
49525:(4,24,2.21) (5,450,3.39) (6,270,2.54) (7,105,1.94) 
49526:(4,36,2.45) (5,240,2.99) 
49527:(4,24,2.21) (5,330,3.19) (6,120,2.22) 
49528:(4,48,2.63) (5,120,2.61) (6,120,2.22) 
49530:(5,120,2.61) 
49531:(5,50,2.19) 
49533:(5,20,1.82) 
49534:(4,4,1.41) (5,30,1.97) 
49535:(5,1,1.00) 
49616:(4,36,2.45) 
49618:(4,36,2.45) (5,60,2.27) (6,30,1.76) 
49619:(4,72,2.91) (5,80,2.40) (6,60,1.98) (7,42,1.71) (8,8,1.30) 
49620:(4,48,2.63) (5,300,3.13) (6,360,2.67) 
49621:(3,6,1.82) (4,72,2.91) (5,30,1.97) 
49622:(4,48,2.63) (5,330,3.19) (6,600,2.90) 
49623:(4,60,2.78) (5,420,3.35) (6,480,2.80) 
49624:(4,78,2.97) (5,180,2.83) (6,30,1.76) 
49625:(4,24,2.21) (5,50,2.19) 
49626:(5,600,3.59) (6,900,3.11) 
49627:(4,24,2.21) (5,240,2.99) (6,480,2.80) 
49628:(4,36,2.45) (5,60,2.27) 
49629:(5,300,3.13) (6,60,1.98) 
49630:(4,12,1.86) (5,300,3.13) (6,240,2.49) 
49631:(4,24,2.21) (5,140,2.69) (6,90,2.12) 
49632:(4,12,1.86) (5,30,1.97) 
49633:(5,90,2.46) 
49634:(4,24,2.21) (5,20,1.82) 
49715:(4,12,1.86) 
49717:(4,48,2.63) (5,60,2.27) 
49718:(4,12,1.86) (5,130,2.65) (6,120,2.22) (7,42,1.71) 
49719:(5,240,2.99) 
49720:(4,36,2.45) (5,30,1.97) 
49721:(4,48,2.63) (5,450,3.39) 
49722:(4,24,2.21) (5,440,3.38) (6,1200,3.26) (7,630,2.51) 
49723:(4,24,2.21) (5,140,2.69) 
49724:(4,48,2.63) (5,300,3.13) 
49725:(4,24,2.21) (5,750,3.76) (6,600,2.90) (7,42,1.71) 
49726:(4,40,2.51) (5,450,3.39) (6,570,2.88) (7,245,2.19) 
49727:(4,60,2.78) (5,300,3.13) (6,270,2.54) (7,105,1.94) 
49728:(4,24,2.21) (5,380,3.28) (6,30,1.76) (7,1,1.00) 
49729:(4,48,2.63) (5,350,3.23) (6,240,2.49) 
49730:(4,36,2.45) (5,120,2.61) (6,120,2.22) 
49731:(4,12,1.86) (5,60,2.27) 
49732:(4,12,1.86) (5,140,2.69) 
49733:(5,35,2.04) 
49735:(4,4,1.41) 
49816:(4,36,2.45) (5,60,2.27) 
49817:(4,12,1.86) (5,60,2.27) (6,60,1.98) 
49818:(5,60,2.27) 
49819:(4,48,2.63) 
49820:(5,360,3.25) (6,480,2.80) 
49821:(4,52,2.69) (5,380,3.28) (6,780,3.03) (7,42,1.71) (8,8,1.30) 
49822:(4,104,3.19) (5,550,3.53) (6,450,2.77) (7,252,2.20) (8,56,1.65) 
49823:(4,52,2.69) (5,360,3.25) (6,300,2.59) 
49824:(4,12,1.86) (5,780,3.79) (6,1080,3.20) 
49825:(4,108,3.22) (5,780,3.79) (6,1020,3.17) (7,105,1.94) 
49826:(4,108,3.22) (5,290,3.11) (6,30,1.76) 
49827:(4,60,2.78) (5,380,3.28) (6,240,2.49) 
49828:(3,3,1.44) (4,12,1.86) (5,710,3.72) (6,840,3.07) 
49829:(4,72,2.91) (5,300,3.13) (6,270,2.54) 
49830:(4,24,2.21) (5,120,2.61) 
49831:(4,4,1.41) (5,250,3.02) 
49832:(4,24,2.21) (5,60,2.27) 
49915:(4,24,2.21) 
49916:(5,20,1.82) 
49917:(4,24,2.21) 
49918:(4,24,2.21) (5,300,3.13) (6,120,2.22) 
49919:(4,12,1.86) (5,270,3.06) (6,180,2.38) (7,105,1.94) 
49920:(4,60,2.78) (5,350,3.23) (6,420,2.74) (7,147,2.04) 
49921:(4,64,2.83) (5,420,3.35) (6,330,2.63) (7,140,2.03) 
49922:(4,144,3.46) (5,540,3.52) (6,60,1.98) 
49923:(4,36,2.45) (5,870,3.87) (6,720,2.99) (7,252,2.20) 
49924:(4,72,2.91) (5,960,3.95) (6,1380,3.34) (7,630,2.51) 
49925:(4,156,3.53) (5,650,3.65) (6,480,2.80) (7,147,2.04) 
49926:(4,24,2.21) (5,570,3.56) (6,120,2.22) 
49927:(4,52,2.69) (5,640,3.64) (6,480,2.80) 
49928:(4,84,3.03) (5,450,3.39) (6,150,2.31) 
49929:(4,48,2.63) (5,50,2.19) 
49930:(4,4,1.41) (5,150,2.72) 
49931:(4,12,1.86) (5,40,2.09) 
